pk_site_id,latitude,longitude,yard,distance
2567,53.48066572,-113.57292369999999,0
1547,53.47341421,-113.5000821,0
1049,53.45908910000001,-113.52470670000001,0
2074,53.50080356,-113.5631143,0
1566,53.45079412,-113.52308020000001,0
2082,53.50604401,-113.5386693,0
2084,53.45234633,-113.5999402,0
2087,53.46581367,-113.49622649999999,0
2088,53.47052086,-113.51596090000001,0
1575,53.47870978,-113.5631236,0
559,53.47916891,-113.57608119999999,0
2608,53.48776185,-113.5636818,0
571,53.45870501,-113.6051601,0
1095,53.48006893,-113.49437490000001,0
93,53.45191419,-113.5734249,0
2663,53.46168881,-113.59210630000001,0
106,53.51372262,-113.48130079999999,0
3191,53.4856364,-113.56926270000001,0
1149,53.471574200000006,-113.49566540000001,0
1150,53.48048827,-113.54817240000001,0
1663,53.46118388,-113.51825819999999,0
2687,53.47339753,-113.574114,0
2183,53.48935209,-113.49904540000001,0
2184,53.454164799999994,-113.5252887,0
649,53.48532079,-113.51767269999999,0
1674,53.50483238,-113.4689413,0
653,53.47857729999999,-113.5604946,0
2190,53.49914418,-113.5450879,0
2191,53.48661841,-113.5440894,0
991890,53.50133909,-113.5795463,0
4755,53.45499923,-113.57738400000001,0
2196,53.48198664,-113.5820029,0
992409,53.50758459,-113.4842158,0
1691,53.49349408,-113.5673686,0
1692,53.49586336,-113.5729885,0
4254,53.45382971,-113.52493899999999,0
1183,53.462897999999996,-113.54407340000002,0
982687,53.47344833,-113.57479579999999,0
971938,53.48067577,-113.520743,0
2724,53.50571845,-113.55016609999998,0
3754,53.45718006,-113.55311770000002,0
3249,53.44793404,-113.516024,0
1720,53.48557887,-113.5685092,0
3770,53.45832421,-113.55855729999999,0
1211,53.49742958,-113.57420929999999,0
991938,53.48067577,-113.520743,0
194,53.46839614,-113.59126429999999,0
2247,53.43956223,-113.53657609999999,0
2251,53.46169964,-113.6004013,0
3791,53.49547578,-113.5411537,0
4304,53.47717103,-113.552654,0
208,53.4595878,-113.5675726,0
2256,53.4675247,-113.5769858,0
2259,53.47118696,-113.49375890000002,0
1240,53.48467129,-113.56379799999999,0
3802,53.49270487,-113.5802592,0
2779,53.46700039,-113.52825459999998,0
1757,53.47366247,-113.58920259999998,0
1245,53.47616867,-113.5963977,0
3834,53.48084019,-113.497346,0
1788,53.49467404,-113.5709562,0
4357,53.46160218,-113.5773678,0
3339,53.46973826,-113.51705659999999,0
2827,53.460665500000005,-113.56398359999999,0
1805,53.47225564,-113.57825940000001,0
3342,53.45024398,-113.5121273,0
9999,53.44867138,-113.6118196,0
3852,53.50452452,-113.4780294,0
3857,53.45868831,-113.5819213,0
2324,53.46295301,-113.5607303,0
3350,53.44303232,-113.51769469999999,0
1816,53.48626437,-113.5731096,0
10008,53.45027569,-113.6095233,0
2842,53.47364825,-113.5249193,0
1831,53.50102494,-113.5538245,0
2343,53.48481358,-113.5796304,0
2347,53.46162662,-113.56040209999999,0
3371,53.46406003,-113.5171216,0
3884,53.46659429,-113.57476880000002,0
814,53.47994354,-113.52902320000001,0
2860,53.51080315,-113.4810636,0
3378,53.45546943,-113.5804006,0
2871,53.47280759,-113.50692,0
312,53.48748589,-113.5659146,0
2361,53.50331082,-113.5661867,0
2875,53.46002767,-113.557942,0
2363,53.46367949,-113.5875267,0
2366,53.49819625,-113.5650572,0
2370,53.44282737,-113.54077790000001,0
1858,53.49595387,-113.57862779999999,0
1862,53.47468751,-113.5707626,0
1866,53.48692327,-113.5010953,0
2382,53.44258142,-113.52755630000001,0
1871,53.47207201,-113.5684263,0
336,53.48307766,-113.58590120000001,0
1878,53.50256176,-113.54128500000002,0
1886,53.46393533,-113.51567309999999,0
4451,53.4549988,-113.57943130000001,0
356,53.46059016,-113.4965017,0
1893,53.52760479999999,-113.5470072,0
3942,53.46441683,-113.5707061,0
2407,53.47416837,-113.6020612,0
2408,53.45719948,-113.5169395,0
2920,53.46388565,-113.5056304,0
2406,53.48328608,-113.5624498,0
2409,53.50761008,-113.4843723,0
2410,53.51560934,-113.4812774,0
4462,53.46158341,-113.50560060000001,0
2414,53.468187199999996,-113.59682,0
1904,53.47695007,-113.51698700000001,0
882,53.46162335,-113.5889866,0
1394,53.49795571,-113.5683269,0
2429,53.46816033,-113.56749690000001,0
1917,53.46096072,-113.59690049999999,0
1919,53.50413648,-113.5460037,0
981890,53.50133909,-113.5795463,0
6026,53.45361451,-113.595946,0
909,53.46483969,-113.5767544,0
1938,53.48114281,-113.5210328,0
1951,53.44964893,-113.5379768,0
1953,53.48722420000001,-113.5473912,0
2978,53.48440534,-113.5305618,0
1956,53.46157156,-113.54229879999998,0
1958,53.4616238,-113.5543173,0
2472,53.49282801,-113.5238408,0
2473,53.4839836,-113.50290600000001,0
2474,53.48622953,-113.50945540000001,0
1960,53.47997296,-113.5906176,0
3499,53.49231021,-113.57546119999999,0
2478,53.47772887,-113.5337038,0
2479,53.47846112,-113.5376293,0
2992,53.48911263,-113.52236429999999,0
992687,53.47344833,-113.57479579999999,0
981938,53.48067577,-113.520743,0
2997,53.49160219,-113.56931680000001,0
950,53.46343815,-113.56308659999999,0
2998,53.49441798,-113.5738646,0
3514,53.47368916,-113.60168700000001,0
3003,53.48413627,-113.558145,0
2502,53.47479387,-113.5516172,0
2506,53.47749859,-113.5070716,0
1995,53.45735429999999,-113.5977432,0
1997,53.46689691,-113.50682979999999,0
3540,53.47417407,-113.5851729,0
1494,53.45891079,-113.5467675,0
982,53.46164111,-113.56661799999999,0
2008,53.49878431,-113.5703439,0
3545,53.46205326,-113.5278072,0
2009,53.49623875,-113.58779170000001,0
7649,53.48884512,-113.5305284,0
487,53.45113302,-113.5995119,0
3560,53.47425949,-113.54067930000001,0
2537,53.48655979,-113.55215020000001,0
1003,53.45033688,-113.5981467,0
1016,53.48113812,-113.5074372,0
1531,53.45726571,-113.53835590000001,0
2559,53.47994832,-113.51549490000001,0
