pk_site_id,latitude,longitude,yard,distance
6,53.43219593,-113.61602020000001,3,3851.5
13,53.45277859,-113.5773108,3,6105.1
15,53.43861792,-113.51552579999999,3,5523.8
16,53.43908529,-113.51611799999999,3,5463.8
19,53.44662182,-113.54295139999999,3,7755.8
21,53.42288077,-113.5109832,3,4487.9
23,53.47190191,-113.59207450000001,3,8417.8
28,53.44904096,-113.53969479999999,3,7949.6
32,53.45142933,-113.57581770000002,3,4943.1
47,53.46503964,-113.5639002,3,6815.1
50,53.46645287,-113.56674140000001,3,7067.9
53,53.46715388,-113.5885531,3,8178.5
54,53.47257764,-113.599631,3,9612.3
73,53.44092299,-113.5226604,3,6422
74,53.43983641,-113.52050829999999,3,6182.6
75,53.43955434,-113.5223116,3,5550
93,53.45191419,-113.5734249,3,5854.8
97,53.47191218,-113.58257520000001,3,9026.9
102,53.45203263,-113.58554409999999,3,5489.6
110,53.42017533,-113.5321705,3,3654
119,53.46540512,-113.56230819999999,3,6762.2
120,53.46238889999999,-113.56486090000001,3,6818.8
121,53.47144703,-113.59092439999999,3,8305.2
136,53.45468813,-113.55754640000002,3,6488.3
137,53.45632971,-113.5610487,3,5827.8
138,53.45802656,-113.5603199,3,6156.2
152,53.42490752,-113.5327273,3,2598.5
160,53.46848051,-113.57867350000001,3,7617.2
183,53.46337868,-113.60282140000001,3,8279.9
188,53.46220918,-113.5656414,3,6519.9
194,53.46839614,-113.59126429999999,3,8849.5
195,53.46538185,-113.58588190000002,3,8466.4
196,53.46430204,-113.5902915,3,8586.4
198,53.42434954,-113.53364840000002,3,3609.1
208,53.4595878,-113.5675726,3,5816.5
209,53.4595287,-113.56693529999998,3,5793.9
215,53.46814891,-113.57721310000001,3,7417.4
222,53.42415026,-113.50669309999999,3,4353.3
224,53.46212668,-113.5552896,3,7315.6
225,53.46236321,-113.5575748,3,7193.2
230,53.44934292,-113.53448929999999,3,7389.3
254,53.46240108,-113.55604209999998,3,7293.1
257,53.46285063,-113.5696253,3,6300.8
260,53.46308305,-113.5650095,3,6743.9
312,53.48748589,-113.5659146,3,11146.5
315,53.44083244,-113.5338155,3,6647
316,53.47059732,-113.5928699,3,8080.3
336,53.48307766,-113.58590120000001,3,9353.8
355,53.43893039,-113.5263314,3,5824.9
361,53.44016414,-113.53188,3,6684
368,53.47134206,-113.5846554,3,7677.5
380,53.43931923,-113.53029540000001,3,6268.6
388,53.45773177,-113.56996969999999,3,6274.1
391,53.42228606,-113.5132862,3,4309.1
417,53.46061429999999,-113.5758159,3,6523.8
464,53.4462491,-113.54256000000001,3,7688.2
487,53.45113302,-113.5995119,3,6273.4
536,53.42521698,-113.50902749999999,3,4275.7
539,53.47841391,-113.58253959999999,3,9077.2
559,53.47916891,-113.57608119999999,3,9119.8
562,53.48327856,-113.57368059999999,3,9582
563,53.48233389,-113.5777663,3,9405.8
564,53.48160024,-113.5860969,3,9497.9
565,53.42651738,-113.5202784,3,4576
571,53.45870501,-113.6051601,3,8212.2
607,53.4522277,-113.58048500000001,3,5050.1
619,53.45768479,-113.5682626,3,5701.4
620,53.45726301,-113.57175409999999,3,6118.9
622,53.45721917,-113.5692037,3,5745.4
625,53.448309200000004,-113.56869909999999,3,4830.2
653,53.47857729999999,-113.5604946,3,8698
667,53.42185194,-113.52935690000001,3,3236.5
695,53.44146169,-113.52001059999999,3,6023.7
744,53.44692679,-113.5408466,3,7638.1
747,53.44958738,-113.57644979999999,3,4761.1
761,53.43804279,-113.5716399,3,3181.7
764,53.42187192,-113.5308922,3,3359.4
769,53.42995528,-113.51260249999999,3,4440.8
813,53.46592525,-113.56589840000002,3,6951.3
822,53.43670696,-113.5383577,3,6857.9
823,53.43827893,-113.5383332,3,6772.2
861,53.44216316,-113.5329408,3,6905.5
882,53.46162335,-113.5889866,3,8287.1
886,53.41970377,-113.50991599999999,3,4409.1
909,53.46483969,-113.5767544,3,7093.3
929,53.42888437,-113.4955783,3,5833.9
930,53.49932034,-113.5778442,3,11101.3
931,53.43810876,-113.54185290000001,3,7203.4
934,53.43901847,-113.5667779,3,3581.6
935,53.45019473,-113.5963006,3,5998.6
938,53.47677191,-113.56253159999999,3,8490.4
948,53.44028845,-113.63030619999999,3,5261.7
950,53.46343815,-113.56308659999999,3,6661
970,53.44154273,-113.53984209999999,3,7090.3
974,53.46250399,-113.590147,3,8168.5
982,53.46164111,-113.56661799999999,3,6548.2
984,53.48343497,-113.57911100000001,3,9224
1003,53.45033688,-113.5981467,3,6134
1008,53.44261089999999,-113.51625370000001,3,5880.6
1042,53.42625235,-113.5373578,3,2718.5
1073,53.45786813,-113.56277299999999,3,5959.6
1099,53.45723076,-113.5654385,3,5849.8
1100,53.45607473,-113.56183899999999,3,6247.7
1120,53.45526552,-113.5579847,3,5789.1
1165,53.48525915,-113.57211140000001,3,9789.1
1179,53.46324246,-113.59289840000002,3,7940.7
1182,53.42110526,-113.50839440000001,3,4604.5
1204,53.4841667,-113.563694,3,11565.5
1211,53.49742958,-113.57420929999999,3,10947.3
1237,53.47453048,-113.582503,3,9269.3
1238,53.47456015,-113.59396100000001,3,8868.8
1239,53.44033979999999,-113.526141,3,6543.1
1240,53.48467129,-113.56379799999999,3,11650
1243,53.44115791,-113.5357926,3,6783.7
1244,53.44007421,-113.53564270000001,3,6635.9
1245,53.47616867,-113.5963977,3,9215.4
1248,53.47916235,-113.5911537,3,9284.6
1257,53.42449233,-113.5303023,3,2759.6
1263,53.47826259,-113.59305149999999,3,9074.4
1295,53.46940209,-113.5677741,3,7464.8
1296,53.46911913,-113.5673905,3,7452.1
1297,53.46914301,-113.56924690000001,3,7343.3
1309,53.42339942,-113.53768600000001,3,3530.2
1329,53.43201346,-113.4957155,3,5673.2
1338,53.49525905,-113.58264790000001,3,10844.4
1339,53.46117129,-113.57381799999999,3,6404.4
1343,53.45349025,-113.57354860000001,3,5740.8
1350,53.42265384,-113.5300018,3,3219.1
1351,53.42437991,-113.5363726,3,3735.6
1352,53.43211931,-113.5213959,3,4590.9
1353,53.48200727,-113.56326999999999,3,8817.1
1386,53.44169228,-113.5294923,3,6985.6
1394,53.49795571,-113.5683269,3,11648.5
1395,53.42085897,-113.50896770000001,3,4514.3
1399,53.45539761,-113.59295139999999,3,7466.1
1400,53.47068194,-113.57038179999999,3,7370
1404,53.44504895,-113.52929420000001,3,6472.6
1405,53.44625399,-113.5286449,3,7043
1416,53.47622791,-113.5665807,3,8113.2
1417,53.43788843,-113.5378652,3,6789
1421,53.47076357,-113.57188570000001,3,7297.2
1459,53.42862787,-113.52646440000001,3,3435.6
1460,53.4588106,-113.55563000000001,3,6374
1496,53.46844105,-113.57973249999999,3,7565.8
1499,53.422341599999996,-113.50440220000002,3,4802.1
1500,53.41907741,-113.5084689,3,4749.4
1520,53.46309019,-113.5598561,3,6563.5
1534,53.47898303,-113.572598,3,8212.4
1541,53.44390089,-113.54133859999999,3,7395.1
1542,53.44889499999999,-113.54289170000001,3,7663.4
1543,53.44341294,-113.524728,3,6101.5
1549,53.47091629999999,-113.59632990000001,3,9889.3
1552,53.46921579999999,-113.5994337,3,9614.1
1553,53.46838843,-113.5994591,3,8819.1
1555,53.45237812,-113.56709029999999,3,4979.5
1557,53.501082700000005,-113.5715272,3,11536.8
1558,53.4976314,-113.57964,3,10943.7
1573,53.43761916,-113.52318340000001,3,5844.9
1574,53.4369637,-113.5328706,3,6360.2
1575,53.47870978,-113.5631236,3,8428.5
1601,53.44755859,-113.5797159,3,4704.6
1602,53.44578333,-113.5824423,3,4761.5
1676,53.44515428,-113.53541799999999,3,6877.8
1677,53.47829628,-113.5980875,3,9458.3
1682,53.44306248,-113.53477099999999,3,6983.6
1687,53.48947319,-113.56408449999999,3,11125.5
1688,53.4948405,-113.56823390000001,3,11290.9
1689,53.4904304,-113.5676581,3,10756.5
1691,53.49349408,-113.5673686,3,11095.2
1692,53.49586336,-113.5729885,3,10821.7
1695,53.47216984,-113.5694037,3,7595.8
1711,53.43508963,-113.63258259999999,3,5656.9
1716,53.45440327,-113.59949109999998,3,6294.8
1720,53.48557887,-113.5685092,3,11462.3
1721,53.41801598,-113.50612079999999,3,5039.7
1723,53.42411485,-113.5131672,3,3948.8
1743,53.47738113,-113.571344,3,8095.7
1756,53.45743493,-113.60509009999998,3,8176.9
1757,53.47366247,-113.58920259999998,3,8297.4
1770,53.43182485,-113.53373959999999,3,3408.4
1772,53.4390337,-113.57164679999998,3,3621.2
1788,53.49467404,-113.5709562,3,11378.6
1793,53.44291311,-113.51939009999998,3,5736.2
1798,53.43093699,-113.53180890000002,3,3367.6
1799,53.44035045,-113.51542169999999,3,5531.6
1804,53.46852206,-113.590567,3,8849.5
1805,53.47225564,-113.57825940000001,3,7773.5
1816,53.48626437,-113.5731096,3,9974.4
1817,53.48588994,-113.5704678,3,11387.8
1858,53.49595387,-113.57862779999999,3,10761.6
1859,53.49371434,-113.5635699,3,11269
1862,53.47468751,-113.5707626,3,7834.1
1864,53.47926415,-113.5902821,3,9157.9
1871,53.47207201,-113.5684263,3,7601
1873,53.42050509,-113.50641780000001,3,4661.5
1897,53.41311286,-113.49733290000002,3,6306.8
1909,53.4473819,-113.5655477,3,4425.8
1913,53.44234378,-113.5295106,3,6896.9
1917,53.46096072,-113.59690049999999,3,7657.5
1918,53.495546999999995,-113.5713402,3,11475.5
1920,53.50201708,-113.5719091,3,11512.1
1939,53.46393601,-113.5571622,3,7073.5
1951,53.44964893,-113.5379768,3,7585.2
1952,53.44894531,-113.5405952,3,7515.8
1958,53.4616238,-113.5543173,3,7315.6
1959,53.46314759,-113.5547361,3,7225.6
1960,53.47997296,-113.5906176,3,9233.4
1974,53.47576794,-113.595676,3,9168.6
1981,53.41724831,-113.50927630000001,3,4899.7
1995,53.45735429999999,-113.5977432,3,7434.9
2007,53.42904909,-113.5017557,3,5539
2008,53.49878431,-113.5703439,3,11856.7
2009,53.49623875,-113.58779170000001,3,11042.5
2010,53.47519253,-113.5884696,3,9252.8
2011,53.43092332,-113.51796780000001,3,4318.1
2031,53.45224164,-113.6013752,3,6472.1
2032,53.42439209,-113.5110578,3,4342.7
2034,53.49612748,-113.5765269,3,10726.3
2035,53.47229349,-113.59299329999999,3,8421.2
2060,53.44303491,-113.56456670000001,3,4347.7
2061,53.45442942,-113.5686487,3,5884.8
2077,53.44169474,-113.5326955,3,6832.7
2084,53.45234633,-113.5999402,3,6220.5
2095,53.44665148,-113.56494340000002,3,4939.2
2130,53.44331519,-113.566122,3,4698.3
2150,53.44025147,-113.51355759999998,3,5683.9
2152,53.43061093,-113.5142044,3,4394.3
2161,53.46767515,-113.57376909999999,3,6919.6
2163,53.424964100000004,-113.50763219999999,3,4262
2168,53.46521293,-113.5950585,3,7844.7
2170,53.41853583,-113.5296777,3,3798.8
2174,53.41301857,-113.4962645,3,6279.7
2195,53.47643804,-113.59104040000001,3,8862
2196,53.48198664,-113.5820029,3,9072.6
2204,53.47298593,-113.58646359999999,3,8606.1
2206,53.43045794,-113.503433,3,5274.8
2207,53.43139559,-113.49726229999999,3,5624.2
2208,53.43203834,-113.49880159999998,3,5482.6
2209,53.43141066,-113.5003588,3,5344.6
2210,53.43323506,-113.5023265,3,5250.8
2237,53.47661456,-113.56943600000001,3,8076.9
2239,53.47725876,-113.56225819999999,3,8524.7
2245,53.44683595,-113.5439631,3,7781.7
2247,53.43956223,-113.53657609999999,3,6669.7
2251,53.46169964,-113.6004013,3,7874.7
2256,53.4675247,-113.5769858,3,8034.4
2257,53.42492122,-113.4996855,3,4788.6
2263,53.43238135,-113.50496869999999,3,5039
2265,53.47864431,-113.59832549999999,3,9473.7
2277,53.42424821,-113.50900690000002,3,4261.3
2297,53.47510099,-113.59106059999999,3,8621.4
2298,53.474439399999994,-113.59025190000001,3,8588
2308,53.47177328,-113.5822122,3,9010.5
2309,53.45101751,-113.6005338,3,6278.5
2312,53.45192223,-113.5891175,3,5719.6
2314,53.48454129,-113.5777511,3,10287.3
2317,53.47211298,-113.5944233,3,8637.2
2324,53.46295301,-113.5607303,3,6547.7
2325,53.48581362,-113.57854170000002,3,9494
2326,53.48595967,-113.5772999,3,10006.9
2328,53.45346131,-113.57308770000002,3,5510.3
2340,53.46530473,-113.56146729999999,3,6734.9
2342,53.48323867,-113.58043970000001,3,9332.8
2343,53.48481358,-113.5796304,3,9512.4
2345,53.42703313,-113.5047811,3,4866.7
2346,53.42646119,-113.5086368,3,4352.9
2347,53.46162662,-113.56040209999999,3,6392.7
2348,53.46220311,-113.55879569999999,3,6465.6
2349,53.45684993,-113.56648349999999,3,5523.9
2360,53.43957961,-113.5401801,3,6887.9
2363,53.46367949,-113.5875267,3,8562.5
2364,53.45409074,-113.5937239,3,7871.2
2366,53.49819625,-113.5650572,3,11615.1
2367,53.49829956,-113.56574779999998,3,11585.9
2370,53.44282737,-113.54077790000001,3,7276
2371,53.44535819,-113.54001640000001,3,7553.4
2372,53.43984222,-113.53029550000001,3,6828.3
2382,53.44258142,-113.52755630000001,3,6187.9
2401,53.43222095,-113.52680459999999,3,3867.2
2402,53.43119445,-113.5237929,3,3918
2403,53.46109208,-113.5943024,3,7311
2406,53.48328608,-113.5624498,3,11628.1
2407,53.47416837,-113.6020612,3,8888.2
2414,53.468187199999996,-113.59682,3,8199.8
2424,53.44765282,-113.53785220000002,3,7285.5
2427,53.47205859,-113.58420659999999,3,9140.6
2428,53.46677893,-113.57135320000002,3,6729.5
2429,53.46816033,-113.56749690000001,3,7150.9
2432,53.47729926,-113.58256680000001,3,8656.6
2433,53.47831797,-113.58112369999999,3,9066.8
2438,53.45140442,-113.5886139,3,5776.9
2457,53.48675173,-113.57841090000002,3,9787.4
2458,53.43086647,-113.5104733,3,4613.6
2476,53.45769933,-113.57272749999998,3,6143.1
2483,53.49597467,-113.5722449,3,11592.5
2501,53.48174907,-113.56506100000001,3,8780.7
2504,53.44572733,-113.56609070000002,3,4876.8
2505,53.44696747,-113.5660862,3,4379.8
2509,53.42927262,-113.51480500000001,3,4270.1
2517,53.42392442,-113.5343163,3,3894.4
2518,53.42289898,-113.53304750000001,3,3414.9
2520,53.43094426,-113.5288545,3,3902.3
2521,53.43146835,-113.52966599999999,3,3489.2
2530,53.43176569,-113.5302426,3,3487.3
2531,53.4319483,-113.5318355,3,3426.2
2532,53.42531941,-113.5047646,3,5057.3
2534,53.42615753,-113.5044248,3,4964.2
2566,53.43110016,-113.5071706,3,4926
2567,53.48066572,-113.57292369999999,3,9341.3
2571,53.42890291,-113.4976774,3,5722.1
2572,53.42905014,-113.5005662,3,5462.6
2579,53.47741361,-113.57745800000001,3,9301.6
2580,53.47629227,-113.5972993,3,9517
2582,53.47371089,-113.5644043,3,8339.5
2583,53.46113518,-113.55540570000001,3,6643
2584,53.46088366,-113.55883429999999,3,6703.7
2585,53.45609851,-113.5649587,3,5976.5
2586,53.45083258,-113.5666506,3,4884.6
2587,53.42249618,-113.47891170000001,3,6402
2607,53.49698175,-113.5859687,3,11104.1
2608,53.48776185,-113.5636818,3,11180.9
2622,53.42754366,-113.5075108,3,4618
2634,53.43578847,-113.62670770000001,3,4547.2
2635,53.43809452,-113.626929,3,4908.7
2650,53.45308479,-113.5904715,3,6029.8
2663,53.46168881,-113.59210630000001,3,7409.3
2686,53.44592659,-113.5436499,3,7726
2687,53.47339753,-113.574114,3,7571.6
2714,53.44298286,-113.5127254,3,6044.9
2715,53.44236602,-113.51253090000002,3,6100.2
2726,53.48066674,-113.5657028,3,8657.7
2742,53.47014473,-113.59503000000001,3,8636.4
2745,53.46702377,-113.59425139999999,3,7979.8
2783,53.42004531,-113.53435420000001,3,3085.4
2806,53.46002601,-113.59412659999998,3,7448.7
2807,53.46220687,-113.5919004,3,8081.9
2820,53.41708265,-113.5081876,3,4890.4
2825,53.46489994,-113.58667460000001,3,8490
2826,53.44666423,-113.5880112,3,5108.5
2827,53.460665500000005,-113.56398359999999,3,5958.2
2828,53.45323025,-113.59380829999999,3,5898.7
2835,53.42502398,-113.51981880000001,3,3453.8
2837,53.44803943,-113.5597389,3,5031.3
2847,53.47133699,-113.5957064,3,9869.9
2875,53.46002767,-113.557942,3,6233
2916,53.45812119,-113.60008140000001,3,7848.7
2937,53.4761517,-113.5656255,3,8136.9
2938,53.47878055,-113.56551340000001,3,8592
2953,53.45468100000001,-113.5561072,3,6481.6
2957,53.43597972,-113.6241597,3,4480
2976,53.46320224,-113.5858955,3,7584.4
2990,53.44415821,-113.5401771,3,7397.9
2991,53.40868058,-113.502772,3,7123.4
2997,53.49160219,-113.56931680000001,3,10573.9
2998,53.49441798,-113.5738646,3,10624.5
3008,53.45443713,-113.5547446,3,6437.5
3009,53.43702428,-113.6231656,3,4674.7
3049,53.46476539,-113.58405490000001,3,7543.9
3077,53.44033541,-113.5719223,3,3592.5
3129,53.41721402,-113.5384327,3,3027.5
3130,53.46737894,-113.5853184,3,8417.7
3136,53.44970108,-113.5578229,3,5240.7
3171,53.45178636,-113.5598563,3,5252.4
3191,53.4856364,-113.56926270000001,3,11428.3
3242,53.44360437,-113.55673359999999,3,4687.1
3367,53.41250189,-113.5227313,3,5228
3378,53.45546943,-113.5804006,3,6407
3390,53.48819326,-113.5791453,3,9878.1
3397,53.45873607,-113.5544892,3,6368.3
3398,53.45884144,-113.5629213,3,5890.5
3406,53.47013573,-113.5747348,3,7640.4
3408,53.44316947,-113.51661090000002,3,5752.1
3418,53.43916688,-113.51152179999998,3,5739.6
3433,53.44122345,-113.5684642,3,3936.1
3441,53.46692751,-113.594652,3,7976.7
3444,53.45057907,-113.57160990000001,3,5209.8
3450,53.45401322,-113.6026695,3,6493
3451,53.44290359,-113.587172,3,4538.4
3459,53.44318223,-113.5700918,3,4600
3460,53.43956751,-113.51720990000001,3,5365.9
3461,53.44509484,-113.52319229999999,3,6132
3485,53.43903601,-113.6217915,3,5047.4
3499,53.49231021,-113.57546119999999,3,10346.7
3514,53.47368916,-113.60168700000001,3,9556.5
3515,53.46870425,-113.6020197,3,9018.9
3540,53.47417407,-113.5851729,3,9198.6
3544,53.44893029,-113.5850845,3,5103.3
3549,53.44320135,-113.57225659999999,3,4655.9
3552,53.44867113,-113.5741307,3,5158.1
3566,53.42761041,-113.51666110000001,3,3932.6
3579,53.43852136,-113.5689186,3,3416.8
3637,53.46669734,-113.57861580000001,3,7320.8
3685,53.40804985,-113.5015587,3,7111.1
3701,53.4471878,-113.5712679,3,5229
3748,53.43580612,-113.6224,3,4590.6
3749,53.43603945,-113.6202294,3,4754.7
3750,53.43309399,-113.6120752,3,3645.8
3754,53.45718006,-113.55311770000002,3,6238.2
3770,53.45832421,-113.55855729999999,3,6244.9
3786,53.42155508,-113.52632340000002,3,3364.1
3787,53.41654007,-113.53091699999999,3,3561.3
3788,53.41508282,-113.5286705,3,3744.6
3802,53.49270487,-113.5802592,3,10846
3806,53.40534195,-113.5248676,3,5812.3
3837,53.43665824,-113.5720346,3,3052.9
3850,53.44785208,-113.58264309999998,3,4784.5
3856,53.41940321,-113.540502,3,2716
3857,53.45868831,-113.5819213,3,6651.8
3881,53.41153854,-113.521428,3,5408.8
3884,53.46659429,-113.57476880000002,3,6762.6
3924,53.42765085,-113.5180953,3,4411.3
3942,53.46441683,-113.5707061,3,6394.9
3973,53.42951061,-113.5308588,3,3469
4069,53.42876143,-113.534152,3,3066.6
4116,53.41808665,-113.5030939,3,5087.9
4140,53.47224593,-113.5792197,3,8985.5
4146,53.44545627,-113.52353659999999,3,6140
4149,53.42102786,-113.51688600000001,3,3947.2
4203,53.44646359,-113.5586639,3,4761.4
4222,53.46721136,-113.5770956,3,6933.1
4279,53.4160749,-113.5408128,3,3033.8
4280,53.45479514,-113.57724590000001,3,6150.6
4281,53.45809743,-113.5765163,3,6398
4297,53.42979989999999,-113.53685049999999,3,3072.4
4311,53.44322639999999,-113.55388310000001,3,5059.8
4315,53.45927223,-113.59277809999999,3,7088.1
4321,53.44502892,-113.5552382,3,4935.6
4325,53.43907555,-113.62375929999999,3,4683.2
4330,53.43232913,-113.6038227,3,3468.5
4346,53.43989648,-113.5165899,3,6276.8
4357,53.46160218,-113.5773678,3,7203.6
4373,53.45946565,-113.5874025,3,6893.9
4377,53.43953299,-113.56842209999999,3,4076.6
4380,53.419573899999996,-113.5143997,3,4246.7
4384,53.43000662,-113.60905359999998,3,3172.6
4385,53.44647404,-113.6147321,3,5264.9
4389,53.42422684,-113.51633829999999,3,3781
4390,53.44828573,-113.56453090000001,3,5145.2
4391,53.45141465,-113.56252009999999,3,5110.3
4393,53.44492263,-113.60680049999999,3,5491.8
4395,53.41799558,-113.5193239,3,4107.2
4397,53.43856592,-113.56096509999999,3,3853.2
4435,53.42516898,-113.64054340000001,3,4994
4451,53.4549988,-113.57943130000001,3,6492.7
4469,53.45822742,-113.5767361,3,6299.7
4517,53.40280072,-113.51809140000002,3,5927
4518,53.433130500000004,-113.59464750000001,3,2617.5
4520,53.44393929999999,-113.61015630000001,3,5594.8
4528,53.44023714,-113.5837237,3,4290.5
4529,53.42624096,-113.4829633,3,5914.8
4530,53.43951349,-113.58745,3,4589.7
4542,53.43886273,-113.56125990000001,3,3766.5
4590,53.4298755,-113.60430159999999,3,3418.9
4600,53.44535684,-113.62235430000001,3,6081.4
4606,53.4209873,-113.53888400000001,3,3055.9
4613,53.44442698,-113.55815220000001,3,4816.6
4627,53.41148706,-113.48955729999999,3,7065.1
4668,53.44298834,-113.6089682,3,5490.9
4679,53.44011896,-113.56276940000001,3,4043.2
4686,53.43317481,-113.61787920000002,3,3945.6
4712,53.43851435,-113.5777957,3,3252.9
4719,53.4461661,-113.6121886,3,5328.4
4720,53.47508422,-113.5914466,3,8740.6
4735,53.4395093,-113.55878700000001,3,4352.7
4736,53.43989999,-113.55985600000001,3,4290.7
4754,53.45423656,-113.5605874,3,5803.8
4755,53.45499923,-113.57738400000001,3,6154.9
4765,53.41023802,-113.52214,3,5599.2
5063,53.43927834,-113.55580259999998,3,4218.5
5081,53.41047813,-113.5270023,3,5618.7
5083,53.44279028,-113.5581513,3,4611.2
5101,53.417567000000005,-113.52599620000001,3,4427.8
5121,53.44747677,-113.5645283,3,5145.1
5122,53.447072,-113.5615128,3,5084.6
5361,53.43854649,-113.56553390000002,3,3643.8
5381,53.42335513,-113.52582520000001,3,3444
5421,53.43318833,-113.626451,3,4561.6
5422,53.43327992,-113.62464070000001,3,4476.9
5441,53.43443991,-113.62459040000002,3,4331.7
5541,53.44087713,-113.59197959999999,3,4375.7
5544,53.43681285,-113.5782311,3,2982.2
5545,53.43914772,-113.5855744,3,4376.8
5586,53.42549019,-113.6122101,3,3006.2
5786,53.42422611,-113.6164378,3,3565
5806,53.42870564,-113.61656440000002,3,3364.5
6026,53.45361451,-113.595946,3,6104.2
6046,53.4361412,-113.56200459999998,3,3725.4
6066,53.43555437,-113.5624631,3,3800.2
6069,53.43742198,-113.5583281,3,4097.5
6070,53.43787924,-113.5556129,3,4314.8
6106,53.42672773,-113.5862486,3,1069.5
6166,53.42754302,-113.571128,3,338.1
6167,53.42621144,-113.5736491,3,393.2
6510,53.42626992,-113.57562050000001,3,355
6576,53.40405701,-113.52098970000002,3,5686.9
6578,53.40481027,-113.51514340000001,3,6114.6
6618,53.41115653,-113.5402221,3,3605.8
6659,53.40811424,-113.52600659999999,3,4849.9
6684,53.44585855,-113.6114983,3,5311.9
6702,53.44422906,-113.613227,3,4994
6704,53.44108788,-113.61692790000001,3,4546.4
6722,53.44099759,-113.61332220000001,3,4913.1
6887,53.40387563,-113.57031,3,3181.7
6888,53.39932732,-113.5724248,3,4100.1
6967,53.44970489,-113.55192759999998,3,5684.5
7047,53.43026811,-113.6181138,3,4035.1
7048,53.44557411,-113.57603059999998,3,4511.1
7067,53.41307261,-113.534421,3,3751
7189,53.4039632,-113.5236226,3,5444.7
7229,53.41603776,-113.51449309999998,3,4827.1
7249,53.40581953,-113.52028899999999,3,5808.8
7250,53.40691532,-113.51933190000001,3,5965.5
7269,53.4062438,-113.57074270000001,3,3076.9
7289,53.402665299999995,-113.5696752,3,3295.3
7291,53.39970149,-113.5744992,3,3950.4
7292,53.40198967,-113.5756783,3,3604.8
7409,53.43527717,-113.56995690000001,3,3148.9
7469,53.41509559,-113.5370493,3,3478
7569,53.42584743,-113.4918388,3,5311.1
7913,53.39985703,-113.51604640000002,3,6696.8
7914,53.40284942,-113.51308970000001,3,6387.3
7933,53.40393783,-113.5163583,3,6290.8
7953,53.40961566,-113.57252759999999,3,3255.3
8013,53.41524143,-113.56445659999999,3,1862.3
8014,53.41537069,-113.56140359999999,3,1794.7
8015,53.414879299999996,-113.55980290000001,3,2139.3
8063,53.4241814,-113.61943159999998,3,3763.3
8079,53.39984973,-113.5318315,3,5641.1
8080,53.3996218,-113.53081359999999,3,6747
8081,53.399586600000006,-113.5268493,3,5549.4
8082,53.43316884,-113.6271649,3,4561.6
8083,53.43569979,-113.6296236,3,4765.8
8084,53.43264387,-113.62753149999999,3,4898.4
8099,53.40340524,-113.5331111,3,4787.3
8100,53.40491663,-113.5376919,3,4427.9
8101,53.40516282,-113.5323777,3,4837.1
8102,53.45491316,-113.55261270000001,3,6481.2
8144,53.43257757,-113.5680072,3,3434.9
8188,53.40236044,-113.52859850000002,3,5183.2
8189,53.40162981,-113.5285946,3,5260.4
8191,53.40271957,-113.5243551,3,5596.1
8192,53.39986171,-113.52959779999999,3,5523
8202,53.42454448,-113.59289040000002,3,1953.2
8203,53.42332342,-113.5930098,3,2025.4
8243,53.42318355,-113.5967084,3,1862.4
8264,53.4262753,-113.4996507,3,4902.3
8282,53.42898073,-113.62211210000001,3,3955.7
8285,53.40562938,-113.56587990000001,3,3577.3
8286,53.40498016,-113.570222,3,3296.6
8362,53.42610124,-113.48794769999999,3,6003.2
8462,53.42700748,-113.5324108,3,3337.8
8463,53.42535221,-113.52984709999998,3,3030.4
8466,53.44601712,-113.61879909999999,3,5543.1
8482,53.44428829,-113.61591299999999,3,5366.1
8483,53.44247351,-113.61530619999999,3,5281.7
8685,53.42977565,-113.60010759999999,3,2428.5
9067,53.43030038,-113.6229192,3,3841.2
9068,53.43035562,-113.62269479999999,3,3839.3
9070,53.43030057,-113.6194223,3,4035.1
9071,53.43158761,-113.61754579999999,3,3953.7
9072,53.4300738,-113.6161871,3,3648.4
9073,53.43093394,-113.62119399999999,3,3940
9126,53.40001977,-113.5283453,3,5521.6
9149,53.41472596,-113.51858059999999,3,4841.8
9216,53.42949978,-113.5177879,3,4195.9
9256,53.4172313,-113.56572890000001,3,1487.8
9257,53.41671003,-113.5664084,3,1493.9
9258,53.41687574,-113.5669192,3,1863.8
9327,53.45458469,-113.58952179999999,3,5780.4
9342,53.42651082,-113.52878490000002,3,3041.5
9343,53.42636827,-113.52845900000001,3,3025.8
9363,53.45453548,-113.55061640000001,3,6099.1
9424,53.42599293,-113.63531270000001,3,4770.3
9425,53.426286899999994,-113.6342332,3,4697.7
9549,53.40088153,-113.51997560000001,3,6111.1
9557,53.43359775,-113.6086498,3,3603.6
9565,53.43353133,-113.6083617,3,3615.5
9646,53.43961353,-113.6048739,3,3993.8
9743,53.45967123,-113.5668535,3,5806.3
9744,53.45724986,-113.56588290000002,3,5524.8
9963,53.45439187,-113.58349740000001,3,5399.8
9966,53.41605364,-113.51286280000001,3,4905.2
9968,53.42447317,-113.62164840000001,3,3784.9
9970,53.42053888,-113.53220879999999,3,3561.1
9972,53.42445153,-113.5559457,3,1116
9991,53.42503109,-113.5154116,3,3746
9994,53.450936,-113.61381100000001,3,5765.9
9999,53.44867138,-113.6118196,3,5984.9
10008,53.45027569,-113.6095233,3,5962.3
10010,53.43566446,-113.6302953,3,5591
10011,53.44453709,-113.6166406,3,5523.6
10012,53.44492842,-113.6169264,3,5539.7
10014,53.44528111,-113.61884640000001,3,5422
10016,53.44432839,-113.61740259999998,3,5424.3
10018,53.44121442,-113.6260325,3,5113.1
10019,53.40084492,-113.5342517,3,5667.6
10032,53.42862657,-113.59407920000001,3,1885.7
10033,53.40656046,-113.56690479999999,3,3605
10085,53.40598414,-113.5730267,3,2988.5
10089,53.45315076,-113.61415090000001,3,6236
10090,53.45026628,-113.6100129,3,5962.3
10091,53.44843939,-113.6089997,3,5757.4
10092,53.44669002,-113.60965929999999,3,5427.1
10104,53.40102631,-113.5725043,3,3482.6
10107,53.44031616,-113.62715829999999,3,4905.9
10108,53.44076183,-113.62455,3,4796.5
10114,53.43960311,-113.6269381,3,4828.5
10115,53.43949725,-113.61978329999998,3,4966.7
10117,53.44304336,-113.6200584,3,5275.9
10124,53.43921938,-113.6196659,3,4343.6
982687,53.47344833,-113.57479579999999,3,7571.6
992687,53.47344833,-113.57479579999999,3,7571.6
