pk_site_id,latitude,longitude,yard,distance
2563,53.533306700000004,-113.5356181,0
2053,53.52197042,-113.50176699999999,0
2055,53.52702145,-113.51793559999999,0
3081,53.5096331,-113.52598459999999,0
2073,53.50009282,-113.48985929999999,0
2604,53.52840712,-113.51617590000001,0
1586,53.51914012,-113.53460929999999,0
1589,53.51881167,-113.4962756,0
1590,53.52814906,-113.50525959999999,0
1610,53.49206297,-113.50448929999999,0
3660,53.51274755,-113.4943072,0
1107,53.51654634,-113.5226287,0
1108,53.52454676,-113.512922,0
1109,53.52178477,-113.5371705,0
3070,53.512794299999996,-113.5022969,0
1619,53.50985621,-113.53491090000001,0
2134,53.571041,-113.54204070000002,0
1629,53.52582983,-113.5326362,0
1630,53.52742809,-113.5363244,0
1633,53.51258752,-113.50447790000001,0
1634,53.51424547,-113.5355121,0
1635,53.51250531,-113.5287588,0
1636,53.50966421,-113.5083314,0
1637,53.5080913,-113.501746,0
1638,53.52187389,-113.53471929999999,0
1639,53.5070304,-113.53702,0
2157,53.52669682,-113.50841170000001,0
1151,53.50271269,-113.5182882,0
2179,53.52463416,-113.50692450000001,0
2183,53.48935209,-113.49904540000001,0
9354,53.53407858,-113.48394099999999,0
2698,53.52324627,-113.53525590000001,0
3725,53.49378457,-113.51622490000001,0
1168,53.51263052,-113.5349077,0
1169,53.50870261,-113.53440069999999,0
2717,53.52378960000001,-113.50841499999999,0
1186,53.52396898,-113.5027247,0
684,53.50213359,-113.5197294,0
685,53.49938942,-113.51345740000001,0
1710,53.53221461,-113.5348299,0
690,53.52927571,-113.5347376,0
691,53.52514221,-113.53594950000002,0
3267,53.50398302,-113.51786200000001,0
1225,53.50045846,-113.5012432,0
2762,53.52214433,-113.49341100000001,0
2249,53.49497705,-113.50207069999999,0
1228,53.52571401,-113.4889881,0
718,53.50285263,-113.5165057,0
719,53.50634093,-113.51835109999999,0
721,53.504839399999994,-113.51576299999999,0
1748,53.50743721,-113.49957909999999,0
2260,53.5336275,-113.48569979999999,0
2261,53.53647744,-113.48166909999999,0
2266,53.525110600000005,-113.4993747,0
1769,53.525118299999995,-113.49180439999999,0
9964,53.51154305,-113.53986780000001,0
9965,53.50765394,-113.5408686,0
752,53.49984532,-113.51366110000001,0
2812,53.52423438,-113.53598840000001,0
2813,53.51978075,-113.50197040000002,0
2814,53.52240548,-113.51361299999999,0
1791,53.52004776,-113.53872949999999,0
1287,53.49480108,-113.52034920000001,0
1293,53.51531289,-113.53296770000001,0
1294,53.50990058,-113.51980060000001,0
3343,53.5132627,-113.52350630000001,0
3344,53.50972814,-113.53144280000001,0
2854,53.51359696,-113.50490729999999,0
807,53.50627725,-113.53650549999999,0
2859,53.49963223,-113.5060312,0
826,53.52278344,-113.495112,0
827,53.51638268,-113.5217269,0
2373,53.52043525,-113.4947621,0
1861,53.50760849,-113.535983,0
3918,53.52150487,-113.5009388,0
1366,53.51515315,-113.53010379999999,0
1367,53.50800915,-113.53819540000002,0
2390,53.53603562,-113.47804280000001,0
1369,53.4975966,-113.5025779,0
1371,53.49448684,-113.50527340000002,0
1372,53.49548924,-113.5045618,0
1373,53.49717844,-113.51264979999999,0
1893,53.52760479999999,-113.5470072,0
1898,53.49905634,-113.51192979999999,0
2411,53.52135918,-113.48932279999998,0
2412,53.52130133,-113.49340179999999,0
2928,53.50048202,-113.51237009999998,0
883,53.53870576,-113.4795739,0
2425,53.52087881,-113.4967304,0
2430,53.52334735,-113.50153859999999,0
2434,53.50944549,-113.4993593,0
3479,53.52798225,-113.5385165,0
2460,53.50885546,-113.5016621,0
926,53.52461864,-113.4895913,0
1442,53.51404644,-113.51040900000001,0
2475,53.51032729999999,-113.52490390000001,0
2988,53.49858577,-113.51582659999998,0
2481,53.51578395,-113.5376202,0
466,53.50330887,-113.5227047,0
1491,53.52052255,-113.53463490000001,0
1492,53.51662569,-113.51063229999998,0
4054,53.51938404,-113.4970781,0
4055,53.51979968,-113.49703559999999,0
476,53.5213299,-113.49756000000001,0
1505,53.50681628,-113.51335949999999,0
1506,53.51153414,-113.51927079999999,0
1507,53.51527628,-113.5200636,0
1508,53.52136465,-113.49695619999999,0
1513,53.51029192,-113.5174088,0
1514,53.49465765,-113.51061750000001,0
1515,53.490123399999995,-113.50072240000001,0
1516,53.49180881,-113.50070649999999,0
1517,53.5012907,-113.49866840000001,0
1518,53.50445888,-113.49981480000001,0
3568,53.53059425,-113.53925590000001,0
1021,53.50132503,-113.5031567,0
1022,53.52588522,-113.5158166,0
