pk_site_id,latitude,longitude,yard,distance
2434,53.50944549,-113.4993593,0
2563,53.533306700000004,-113.5356181,0
386,53.52545463,-113.46194540000002,0
2055,53.52702145,-113.51793559999999,0
2183,53.48935209,-113.49904540000001,0
9354,53.53407858,-113.48394099999999,0
1293,53.51531289,-113.53296770000001,0
982157,53.52686809,-113.5081639,0
3343,53.5132627,-113.52350630000001,0
1168,53.51263052,-113.5349077,0
3344,53.50972814,-113.53144280000001,0
3725,53.49378457,-113.51622490000001,0
3479,53.52798225,-113.5385165,0
2460,53.50885546,-113.5016621,0
992157,53.52686809,-113.5081639,0
1151,53.50271269,-113.5182882,0
2082,53.50604401,-113.5386693,0
2854,53.51359696,-113.50490729999999,0
2859,53.49963223,-113.5060312,0
2475,53.51032729999999,-113.52490390000001,0
2988,53.49858577,-113.51582659999998,0
2481,53.51578395,-113.5376202,0
691,53.52514221,-113.53594950000002,0
1590,53.52814906,-113.50525959999999,0
826,53.52278344,-113.495112,0
827,53.51638268,-113.5217269,0
3267,53.50398302,-113.51786200000001,0
2249,53.49497705,-113.50207069999999,0
466,53.50330887,-113.5227047,0
1492,53.51662569,-113.51063229999998,0
2260,53.5336275,-113.48569979999999,0
1366,53.51515315,-113.53010379999999,0
3070,53.512794299999996,-113.5022969,0
2390,53.53603562,-113.47804280000001,0
1506,53.51153414,-113.51927079999999,0
1508,53.52136465,-113.49695619999999,0
1636,53.50966421,-113.5083314,0
103,53.51147159,-113.4623148,0
1769,53.525118299999995,-113.49180439999999,0
1514,53.49465765,-113.51061750000001,0
2412,53.52130133,-113.49340179999999,0
2157,53.52669682,-113.50841170000001,0
9965,53.50765394,-113.5408686,0
3568,53.53059425,-113.53925590000001,0
883,53.53870576,-113.4795739,0
3834,53.48084019,-113.497346,0
2812,53.52423438,-113.53598840000001,0
1021,53.50132503,-113.5031567,0
2430,53.52334735,-113.50153859999999,0
1791,53.52004776,-113.53872949999999,0
