pk_site_id,latitude,longitude,yard,distance
6166,53.42754302,-113.571128,ASY,0
6510,53.42626992,-113.57562050000001,ASY,0
6167,53.42621144,-113.5736491,ASY,0
6106,53.42672773,-113.5862486,ASY,0
9972,53.42445153,-113.5559457,ASY,0
9256,53.4172313,-113.56572890000001,ASY,0
9257,53.41671003,-113.5664084,ASY,0
8014,53.41537069,-113.56140359999999,ASY,0
8013,53.41524143,-113.56445659999999,ASY,0
8243,53.42318355,-113.5967084,ASY,0
9258,53.41687574,-113.5669192,ASY,0
10032,53.42862657,-113.59407920000001,ASY,0
8202,53.42454448,-113.59289040000002,ASY,0
8203,53.42332342,-113.5930098,ASY,0
8015,53.414879299999996,-113.55980290000001,ASY,0
8685,53.42977565,-113.60010759999999,ASY,0
152,53.42490752,-113.5327273,ASY,0
4518,53.433130500000004,-113.59464750000001,ASY,0
3856,53.41940321,-113.540502,ASY,0
1042,53.42625235,-113.5373578,ASY,0
1257,53.42449233,-113.5303023,ASY,0
5544,53.43681285,-113.5782311,ASY,0
10085,53.40598414,-113.5730267,ASY,0
5586,53.42549019,-113.6122101,ASY,0
9343,53.42636827,-113.52845900000001,ASY,0
3129,53.41721402,-113.5384327,ASY,0
8463,53.42535221,-113.52984709999998,ASY,0
4279,53.4160749,-113.5408128,ASY,0
9342,53.42651082,-113.52878490000002,ASY,0
3837,53.43665824,-113.5720346,ASY,0
4606,53.4209873,-113.53888400000001,ASY,0
4069,53.42876143,-113.534152,ASY,0
4297,53.42979989999999,-113.53685049999999,ASY,0
2783,53.42004531,-113.53435420000001,ASY,0
7409,53.43527717,-113.56995690000001,ASY,0
4384,53.43000662,-113.60905359999998,ASY,0
761,53.43804279,-113.5716399,ASY,0
6887,53.40387563,-113.57031,ASY,0
1350,53.42265384,-113.5300018,ASY,0
667,53.42185194,-113.52935690000001,ASY,0
4712,53.43851435,-113.5777957,ASY,0
7953,53.40961566,-113.57252759999999,ASY,0
7289,53.402665299999995,-113.5696752,ASY,0
8286,53.40498016,-113.570222,ASY,0
8462,53.42700748,-113.5324108,ASY,0
764,53.42187192,-113.5308922,ASY,0
3786,53.42155508,-113.52632340000002,ASY,0
5806,53.42870564,-113.61656440000002,ASY,0
1798,53.43093699,-113.53180890000002,ASY,0
1770,53.43182485,-113.53373959999999,ASY,0
2518,53.42289898,-113.53304750000001,ASY,0
3579,53.43852136,-113.5689186,ASY,0
4590,53.4298755,-113.60430159999999,ASY,0
2531,53.4319483,-113.5318355,ASY,0
8144,53.43257757,-113.5680072,ASY,0
1459,53.42862787,-113.52646440000001,ASY,0
5381,53.42335513,-113.52582520000001,ASY,0
2835,53.42502398,-113.51981880000001,ASY,0
4330,53.43232913,-113.6038227,ASY,0
3973,53.42951061,-113.5308588,ASY,0
7469,53.41509559,-113.5370493,ASY,0
10104,53.40102631,-113.5725043,ASY,0
2530,53.43176569,-113.5302426,ASY,0
2521,53.43146835,-113.52966599999999,ASY,0
1309,53.42339942,-113.53768600000001,ASY,0
9970,53.42053888,-113.53220879999999,ASY,0
3787,53.41654007,-113.53091699999999,ASY,0
5786,53.42422611,-113.6164378,ASY,0
8285,53.40562938,-113.56587990000001,ASY,0
934,53.43901847,-113.5667779,ASY,0
3077,53.44033541,-113.5719223,ASY,0
9557,53.43359775,-113.6086498,ASY,0
7292,53.40198967,-113.5756783,ASY,0
10033,53.40656046,-113.56690479999999,ASY,0
6618,53.41115653,-113.5402221,ASY,0
198,53.42434954,-113.53364840000002,ASY,0
9565,53.43353133,-113.6083617,ASY,0
1772,53.4390337,-113.57164679999998,ASY,0
5361,53.43854649,-113.56553390000002,ASY,0
3750,53.43309399,-113.6120752,ASY,0
9072,53.4300738,-113.6161871,ASY,0
110,53.42017533,-113.5321705,ASY,0
6046,53.4361412,-113.56200459999998,ASY,0
1351,53.42437991,-113.5363726,ASY,0
3788,53.41508282,-113.5286705,ASY,0
9991,53.42503109,-113.5154116,ASY,0
7067,53.41307261,-113.534421,ASY,0
8063,53.4241814,-113.61943159999998,ASY,0
4542,53.43886273,-113.56125990000001,ASY,0
4389,53.42422684,-113.51633829999999,ASY,0
9968,53.42447317,-113.62164840000001,ASY,0
2170,53.41853583,-113.5296777,ASY,0
6066,53.43555437,-113.5624631,ASY,0
9068,53.43035562,-113.62269479999999,ASY,0
9067,53.43030038,-113.6229192,ASY,0
6,53.43219593,-113.61602020000001,ASY,0
4397,53.43856592,-113.56096509999999,ASY,0
2401,53.43222095,-113.52680459999999,ASY,0
2517,53.42392442,-113.5343163,ASY,0
2520,53.43094426,-113.5288545,ASY,0
2402,53.43119445,-113.5237929,ASY,0
3566,53.42761041,-113.51666110000001,ASY,0
3433,53.44122345,-113.5684642,ASY,0
9073,53.43093394,-113.62119399999999,ASY,0
4686,53.43317481,-113.61787920000002,ASY,0
4149,53.42102786,-113.51688600000001,ASY,0
1723,53.42411485,-113.5131672,ASY,0
7291,53.39970149,-113.5744992,ASY,0
9071,53.43158761,-113.61754579999999,ASY,0
8282,53.42898073,-113.62211210000001,ASY,0
9646,53.43961353,-113.6048739,ASY,0
9070,53.43030057,-113.6194223,ASY,0
7047,53.43026811,-113.6181138,ASY,0
4679,53.44011896,-113.56276940000001,ASY,0
4377,53.43953299,-113.56842209999999,ASY,0
6069,53.43742198,-113.5583281,ASY,0
6888,53.39932732,-113.5724248,ASY,0
4395,53.41799558,-113.5193239,ASY,0
9216,53.42949978,-113.5177879,ASY,0
5063,53.43927834,-113.55580259999998,ASY,0
4380,53.419573899999996,-113.5143997,ASY,0
2277,53.42424821,-113.50900690000002,ASY,0
2163,53.424964100000004,-113.50763219999999,ASY,0
2509,53.42927262,-113.51480500000001,ASY,0
536,53.42521698,-113.50902749999999,ASY,0
4528,53.44023714,-113.5837237,ASY,0
4736,53.43989999,-113.55985600000001,ASY,0
391,53.42228606,-113.5132862,ASY,0
6070,53.43787924,-113.5556129,ASY,0
2011,53.43092332,-113.51796780000001,ASY,0
5441,53.43443991,-113.62459040000002,ASY,0
2032,53.42439209,-113.5110578,ASY,0
10124,53.43921938,-113.6196659,ASY,0
2060,53.44303491,-113.56456670000001,ASY,0
4735,53.4395093,-113.55878700000001,ASY,0
2346,53.42646119,-113.5086368,ASY,0
222,53.42415026,-113.50669309999999,ASY,0
5541,53.44087713,-113.59197959999999,ASY,0
5545,53.43914772,-113.5855744,ASY,0
2505,53.44696747,-113.5660862,ASY,0
2152,53.43061093,-113.5142044,ASY,0
886,53.41970377,-113.50991599999999,ASY,0
3924,53.42765085,-113.5180953,ASY,0
1909,53.4473819,-113.5655477,ASY,0
5101,53.417567000000005,-113.52599620000001,ASY,0
8100,53.40491663,-113.5376919,ASY,0
769,53.42995528,-113.51260249999999,ASY,0
5422,53.43327992,-113.62464070000001,ASY,0
2957,53.43597972,-113.6241597,ASY,0
21,53.42288077,-113.5109832,ASY,0
7048,53.44557411,-113.57603059999998,ASY,0
1395,53.42085897,-113.50896770000001,ASY,0
3451,53.44290359,-113.587172,ASY,0
6704,53.44108788,-113.61692790000001,ASY,0
2634,53.43578847,-113.62670770000001,ASY,0
5421,53.43318833,-113.626451,ASY,0
8082,53.43316884,-113.6271649,ASY,0
565,53.42651738,-113.5202784,ASY,0
4530,53.43951349,-113.58745,ASY,0
3748,53.43580612,-113.6224,ASY,0
1352,53.43211931,-113.5213959,ASY,0
3459,53.44318223,-113.5700918,ASY,0
1182,53.42110526,-113.50839440000001,ASY,0
5083,53.44279028,-113.5581513,ASY,0
2458,53.43086647,-113.5104733,ASY,0
2622,53.42754366,-113.5075108,ASY,0
3549,53.44320135,-113.57225659999999,ASY,0
1873,53.42050509,-113.50641780000001,ASY,0
3009,53.43702428,-113.6231656,ASY,0
4325,53.43907555,-113.62375929999999,ASY,0
3242,53.44360437,-113.55673359999999,ASY,0
9425,53.426286899999994,-113.6342332,ASY,0
2130,53.44331519,-113.566122,ASY,0
1601,53.44755859,-113.5797159,ASY,0
1500,53.41907741,-113.5084689,ASY,0
3749,53.43603945,-113.6202294,ASY,0
4203,53.44646359,-113.5586639,ASY,0
1602,53.44578333,-113.5824423,ASY,0
8083,53.43569979,-113.6296236,ASY,0
9424,53.42599293,-113.63531270000001,ASY,0
3850,53.44785208,-113.58264309999998,ASY,0
8099,53.40340524,-113.5331111,ASY,0
2257,53.42492122,-113.4996855,ASY,0
10108,53.44076183,-113.62455,ASY,0
1499,53.422341599999996,-113.50440220000002,ASY,0
4613,53.44442698,-113.55815220000001,ASY,0
7229,53.41603776,-113.51449309999998,ASY,0
10114,53.43960311,-113.6269381,ASY,0
625,53.448309200000004,-113.56869909999999,ASY,0
8101,53.40516282,-113.5323777,ASY,0
9149,53.41472596,-113.51858059999999,ASY,0
6659,53.40811424,-113.52600659999999,ASY,0
2345,53.42703313,-113.5047811,ASY,0
2504,53.44572733,-113.56609070000002,ASY,0
2820,53.41708265,-113.5081876,ASY,0
8084,53.43264387,-113.62753149999999,ASY,0
1981,53.41724831,-113.50927630000001,ASY,0
8264,53.4262753,-113.4996507,ASY,0
9966,53.41605364,-113.51286280000001,ASY,0
10107,53.44031616,-113.62715829999999,ASY,0
2635,53.43809452,-113.626929,ASY,0
6722,53.44099759,-113.61332220000001,ASY,0
2566,53.43110016,-113.5071706,ASY,0
4321,53.44502892,-113.5552382,ASY,0
2095,53.44665148,-113.56494340000002,ASY,0
2534,53.42615753,-113.5044248,ASY,0
10115,53.43949725,-113.61978329999998,ASY,0
6702,53.44422906,-113.613227,ASY,0
4435,53.42516898,-113.64054340000001,ASY,0
2263,53.43238135,-113.50496869999999,ASY,0
1721,53.41801598,-113.50612079999999,ASY,0
3485,53.43903601,-113.6217915,ASY,0
2532,53.42531941,-113.5047646,ASY,0
4311,53.44322639999999,-113.55388310000001,ASY,0
4116,53.41808665,-113.5030939,ASY,0
3544,53.44893029,-113.5850845,ASY,0
2826,53.44666423,-113.5880112,ASY,0
10018,53.44121442,-113.6260325,ASY,0
5121,53.44747677,-113.5645283,ASY,0
3552,53.44867113,-113.5741307,ASY,0
8188,53.40236044,-113.52859850000002,ASY,0
3367,53.41250189,-113.5227313,ASY,0
3701,53.4471878,-113.5712679,ASY,0
2210,53.43323506,-113.5023265,ASY,0
8189,53.40162981,-113.5285946,ASY,0
948,53.44028845,-113.63030619999999,ASY,0
4385,53.44647404,-113.6147321,ASY,0
2206,53.43045794,-113.503433,ASY,0
10117,53.44304336,-113.6200584,ASY,0
8483,53.44247351,-113.61530619999999,ASY,0
7569,53.42584743,-113.4918388,ASY,0
6684,53.44585855,-113.6114983,ASY,0
4719,53.4461661,-113.6121886,ASY,0
2209,53.43141066,-113.5003588,ASY,0
3460,53.43956751,-113.51720990000001,ASY,0
8482,53.44428829,-113.61591299999999,ASY,0
3881,53.41153854,-113.521428,ASY,0
10014,53.44528111,-113.61884640000001,ASY,0
10016,53.44432839,-113.61740259999998,ASY,0
10092,53.44669002,-113.60965929999999,ASY,0
7189,53.4039632,-113.5236226,ASY,0
2572,53.42905014,-113.5005662,ASY,0
16,53.43908529,-113.51611799999999,ASY,0
2208,53.43203834,-113.49880159999998,ASY,0
4668,53.44298834,-113.6089682,ASY,0
4393,53.44492263,-113.60680049999999,ASY,0
9126,53.40001977,-113.5283453,ASY,0
8192,53.39986171,-113.52959779999999,ASY,0
10011,53.44453709,-113.6166406,ASY,0
15,53.43861792,-113.51552579999999,ASY,0
1799,53.44035045,-113.51542169999999,ASY,0
2007,53.42904909,-113.5017557,ASY,0
10012,53.44492842,-113.6169264,ASY,0
8466,53.44601712,-113.61879909999999,ASY,0
8081,53.399586600000006,-113.5268493,ASY,0
10010,53.43566446,-113.6302953,ASY,0
4520,53.44393929999999,-113.61015630000001,ASY,0
8191,53.40271957,-113.5243551,ASY,0
4765,53.41023802,-113.52214,ASY,0
5081,53.41047813,-113.5270023,ASY,0
2207,53.43139559,-113.49726229999999,ASY,0
8079,53.39984973,-113.5318315,ASY,0
1711,53.43508963,-113.63258259999999,ASY,0
10019,53.40084492,-113.5342517,ASY,0
1329,53.43201346,-113.4957155,ASY,0
2150,53.44025147,-113.51355759999998,ASY,0
6967,53.44970489,-113.55192759999998,ASY,0
6576,53.40405701,-113.52098970000002,ASY,0
2571,53.42890291,-113.4976774,ASY,0
3418,53.43916688,-113.51152179999998,ASY,0
10091,53.44843939,-113.6089997,ASY,0
7249,53.40581953,-113.52028899999999,ASY,0
3806,53.40534195,-113.5248676,ASY,0
355,53.43893039,-113.5263314,ASY,0
929,53.42888437,-113.4955783,ASY,0
1573,53.43761916,-113.52318340000001,ASY,0
4517,53.40280072,-113.51809140000002,ASY,0
7250,53.40691532,-113.51933190000001,ASY,0
9999,53.44867138,-113.6118196,ASY,0
695,53.44146169,-113.52001059999999,ASY,0
4600,53.44535684,-113.62235430000001,ASY,0
1543,53.44341294,-113.524728,ASY,0
9549,53.40088153,-113.51997560000001,ASY,0
6578,53.40481027,-113.51514340000001,ASY,0
3461,53.44509484,-113.52319229999999,ASY,0
4146,53.44545627,-113.52353659999999,ASY,0
74,53.43983641,-113.52050829999999,ASY,0
2382,53.44258142,-113.52755630000001,ASY,0
380,53.43931923,-113.53029540000001,ASY,0
4346,53.43989648,-113.5165899,ASY,0
2174,53.41301857,-113.4962645,ASY,0
7933,53.40393783,-113.5163583,ASY,0
1897,53.41311286,-113.49733290000002,ASY,0
1574,53.4369637,-113.5328706,ASY,0
7914,53.40284942,-113.51308970000001,ASY,0
73,53.44092299,-113.5226604,ASY,0
1404,53.44504895,-113.52929420000001,ASY,0
8102,53.45491316,-113.55261270000001,ASY,0
1244,53.44007421,-113.53564270000001,ASY,0
315,53.44083244,-113.5338155,ASY,0
2247,53.43956223,-113.53657609999999,ASY,0
361,53.44016414,-113.53188,ASY,0
7913,53.39985703,-113.51604640000002,ASY,0
8080,53.3996218,-113.53081359999999,ASY,0
823,53.43827893,-113.5383332,ASY,0
1243,53.44115791,-113.5357926,ASY,0
1417,53.43788843,-113.5378652,ASY,0
2372,53.43984222,-113.53029550000001,ASY,0
2077,53.44169474,-113.5326955,ASY,0
822,53.43670696,-113.5383577,ASY,0
1676,53.44515428,-113.53541799999999,ASY,0
2360,53.43957961,-113.5401801,ASY,0
1913,53.44234378,-113.5295106,ASY,0
861,53.44216316,-113.5329408,ASY,0
970,53.44154273,-113.53984209999999,ASY,0
3685,53.40804985,-113.5015587,ASY,0
931,53.43810876,-113.54185290000001,ASY,0
2370,53.44282737,-113.54077790000001,ASY,0
1541,53.44390089,-113.54133859999999,ASY,0
2990,53.44415821,-113.5401771,ASY,0
464,53.4462491,-113.54256000000001,ASY,0
2686,53.44592659,-113.5436499,ASY,0
2245,53.44683595,-113.5439631,ASY,0
28,53.44904096,-113.53969479999999,ASY,0
