pk_site_id,latitude,longitude,yard,distance
2487,53.48510629,-113.55498929999999,RBV,0
1831,53.50102494,-113.5538245,RBV,0
1157,53.46931683,-113.55410719999999,RBV,0
1031,53.46971452,-113.5573051,RBV,0
2361,53.50331082,-113.5661867,RBV,0
2074,53.50080356,-113.5631143,RBV,0
3171,53.45178636,-113.5598563,RBV,0
1120,53.45526552,-113.5579847,RBV,0
137,53.45632971,-113.5610487,RBV,0
1100,53.45607473,-113.56183899999999,RBV,0
3136,53.44970108,-113.5578229,RBV,0
1073,53.45786813,-113.56277299999999,RBV,0
4391,53.45141465,-113.56252009999999,RBV,0
2349,53.45684993,-113.56648349999999,RBV,0
9744,53.45724986,-113.56588290000002,RBV,0
3770,53.45832421,-113.55855729999999,RBV,0
2875,53.46002767,-113.557942,RBV,0
3397,53.45873607,-113.5544892,RBV,0
1460,53.4588106,-113.55563000000001,RBV,0
981890,53.50133909,-113.5795463,RBV,0
3008,53.45443713,-113.5547446,RBV,0
619,53.45768479,-113.5682626,RBV,0
2953,53.45468100000001,-113.5561072,RBV,0
136,53.45468813,-113.55754640000002,RBV,0
622,53.45721917,-113.5692037,RBV,0
1343,53.45349025,-113.57354860000001,RBV,0
2583,53.46113518,-113.55540570000001,RBV,0
209,53.4595287,-113.56693529999998,RBV,0
9743,53.45967123,-113.5668535,RBV,0
208,53.4595878,-113.5675726,RBV,0
2584,53.46088366,-113.55883429999999,RBV,0
1099,53.45723076,-113.5654385,RBV,0
93,53.45191419,-113.5734249,RBV,0
2061,53.45442942,-113.5686487,RBV,0
3398,53.45884144,-113.5629213,RBV,0
4754,53.45423656,-113.5605874,RBV,0
2586,53.45083258,-113.5666506,RBV,0
2827,53.460665500000005,-113.56398359999999,RBV,0
2585,53.45609851,-113.5649587,RBV,0
1555,53.45237812,-113.56709029999999,RBV,0
3444,53.45057907,-113.57160990000001,RBV,0
13,53.45277859,-113.5773108,RBV,0
620,53.45726301,-113.57175409999999,RBV,0
138,53.45802656,-113.5603199,RBV,0
2328,53.45346131,-113.57308770000002,RBV,0
2476,53.45769933,-113.57272749999998,RBV,0
4280,53.45479514,-113.57724590000001,RBV,0
4755,53.45499923,-113.57738400000001,RBV,0
388,53.45773177,-113.56996969999999,RBV,0
257,53.46285063,-113.5696253,RBV,0
4469,53.45822742,-113.5767361,RBV,0
2347,53.46162662,-113.56040209999999,RBV,0
3942,53.46441683,-113.5707061,RBV,0
1339,53.46117129,-113.57381799999999,RBV,0
4281,53.45809743,-113.5765163,RBV,0
9963,53.45439187,-113.58349740000001,RBV,0
3378,53.45546943,-113.5804006,RBV,0
2348,53.46220311,-113.55879569999999,RBV,0
188,53.46220918,-113.5656414,RBV,0
4451,53.4549988,-113.57943130000001,RBV,0
417,53.46061429999999,-113.5758159,RBV,0
2324,53.46295301,-113.5607303,RBV,0
982,53.46164111,-113.56661799999999,RBV,0
1520,53.46309019,-113.5598561,RBV,0
950,53.46343815,-113.56308659999999,RBV,0
3857,53.45868831,-113.5819213,RBV,0
2428,53.46677893,-113.57135320000002,RBV,0
2340,53.46530473,-113.56146729999999,RBV,0
260,53.46308305,-113.5650095,RBV,0
119,53.46540512,-113.56230819999999,RBV,0
3884,53.46659429,-113.57476880000002,RBV,0
102,53.45203263,-113.58554409999999,RBV,0
9327,53.45458469,-113.58952179999999,RBV,0
47,53.46503964,-113.5639002,RBV,0
120,53.46238889999999,-113.56486090000001,RBV,0
607,53.4522277,-113.58048500000001,RBV,0
2161,53.46767515,-113.57376909999999,RBV,0
4222,53.46721136,-113.5770956,RBV,0
813,53.46592525,-113.56589840000002,RBV,0
2312,53.45192223,-113.5891175,RBV,0
2438,53.45140442,-113.5886139,RBV,0
50,53.46645287,-113.56674140000001,RBV,0
1939,53.46393601,-113.5571622,RBV,0
909,53.46483969,-113.5767544,RBV,0
4315,53.45927223,-113.59277809999999,RBV,0
747,53.44958738,-113.57644979999999,RBV,0
2429,53.46816033,-113.56749690000001,RBV,0
32,53.45142933,-113.57581770000002,RBV,0
225,53.46236321,-113.5575748,RBV,0
4357,53.46160218,-113.5773678,RBV,0
1959,53.46314759,-113.5547361,RBV,0
254,53.46240108,-113.55604209999998,RBV,0
1421,53.47076357,-113.57188570000001,RBV,0
224,53.46212668,-113.5552896,RBV,0
1958,53.4616238,-113.5543173,RBV,0
3637,53.46669734,-113.57861580000001,RBV,0
2403,53.46109208,-113.5943024,RBV,0
1297,53.46914301,-113.56924690000001,RBV,0
1400,53.47068194,-113.57038179999999,RBV,0
215,53.46814891,-113.57721310000001,RBV,0
2663,53.46168881,-113.59210630000001,RBV,0
1296,53.46911913,-113.5673905,RBV,0
1995,53.45735429999999,-113.5977432,RBV,0
1295,53.46940209,-113.5677741,RBV,0
2806,53.46002601,-113.59412659999998,RBV,0
1399,53.45539761,-113.59295139999999,RBV,0
3049,53.46476539,-113.58405490000001,RBV,0
1496,53.46844105,-113.57973249999999,RBV,0
2687,53.47339753,-113.574114,RBV,0
1695,53.47216984,-113.5694037,RBV,0
1871,53.47207201,-113.5684263,RBV,0
160,53.46848051,-113.57867350000001,RBV,0
3406,53.47013573,-113.5747348,RBV,0
368,53.47134206,-113.5846554,RBV,0
1917,53.46096072,-113.59690049999999,RBV,0
1805,53.47225564,-113.57825940000001,RBV,0
2828,53.45323025,-113.59380829999999,RBV,0
1862,53.47468751,-113.5707626,RBV,0
1716,53.45440327,-113.59949109999998,RBV,0
6026,53.45361451,-113.595946,RBV,0
2650,53.45308479,-113.5904715,RBV,0
2168,53.46521293,-113.5950585,RBV,0
2916,53.45812119,-113.60008140000001,RBV,0
2364,53.45409074,-113.5937239,RBV,0
2251,53.46169964,-113.6004013,RBV,0
1179,53.46324246,-113.59289840000002,RBV,0
3441,53.46692751,-113.594652,RBV,0
2745,53.46702377,-113.59425139999999,RBV,0
2256,53.4675247,-113.5769858,RBV,0
3450,53.45401322,-113.6026695,RBV,0
2237,53.47661456,-113.56943600000001,RBV,0
316,53.47059732,-113.5928699,RBV,0
1743,53.47738113,-113.571344,RBV,0
2807,53.46220687,-113.5919004,RBV,0
1416,53.47622791,-113.5665807,RBV,0
2084,53.45234633,-113.5999402,RBV,0
2937,53.4761517,-113.5656255,RBV,0
487,53.45113302,-113.5995119,RBV,0
53,53.46715388,-113.5885531,RBV,0
2309,53.45101751,-113.6005338,RBV,0
974,53.46250399,-113.590147,RBV,0
1756,53.45743493,-113.60509009999998,RBV,0
2414,53.468187199999996,-113.59682,RBV,0
571,53.45870501,-113.6051601,RBV,0
1003,53.45033688,-113.5981467,RBV,0
2031,53.45224164,-113.6013752,RBV,0
2363,53.46367949,-113.5875267,RBV,0
1757,53.47366247,-113.58920259999998,RBV,0
121,53.47144703,-113.59092439999999,RBV,0
935,53.45019473,-113.5963006,RBV,0
183,53.46337868,-113.60282140000001,RBV,0
882,53.46162335,-113.5889866,RBV,0
2582,53.47371089,-113.5644043,RBV,0
23,53.47190191,-113.59207450000001,RBV,0
3130,53.46737894,-113.5853184,RBV,0
2035,53.47229349,-113.59299329999999,RBV,0
1575,53.47870978,-113.5631236,RBV,0
195,53.46538185,-113.58588190000002,RBV,0
2825,53.46489994,-113.58667460000001,RBV,0
938,53.47677191,-113.56253159999999,RBV,0
2239,53.47725876,-113.56225819999999,RBV,0
196,53.46430204,-113.5902915,RBV,0
2298,53.474439399999994,-113.59025190000001,RBV,0
2938,53.47878055,-113.56551340000001,RBV,0
2317,53.47211298,-113.5944233,RBV,0
2204,53.47298593,-113.58646359999999,RBV,0
2297,53.47510099,-113.59106059999999,RBV,0
2742,53.47014473,-113.59503000000001,RBV,0
2432,53.47729926,-113.58256680000001,RBV,0
2726,53.48066674,-113.5657028,RBV,0
653,53.47857729999999,-113.5604946,RBV,0
4720,53.47508422,-113.5914466,RBV,0
2501,53.48174907,-113.56506100000001,RBV,0
1553,53.46838843,-113.5994591,RBV,0
1804,53.46852206,-113.590567,RBV,0
194,53.46839614,-113.59126429999999,RBV,0
2195,53.47643804,-113.59104040000001,RBV,0
1238,53.47456015,-113.59396100000001,RBV,0
2407,53.47416837,-113.6020612,RBV,0
2308,53.47177328,-113.5822122,RBV,0
3515,53.46870425,-113.6020197,RBV,0
97,53.47191218,-113.58257520000001,RBV,0
2433,53.47831797,-113.58112369999999,RBV,0
2196,53.48198664,-113.5820029,RBV,0
1263,53.47826259,-113.59305149999999,RBV,0
539,53.47841391,-113.58253959999999,RBV,0
559,53.47916891,-113.57608119999999,RBV,0
2427,53.47205859,-113.58420659999999,RBV,0
1864,53.47926415,-113.5902821,RBV,0
1974,53.47576794,-113.595676,RBV,0
3540,53.47417407,-113.5851729,RBV,0
1245,53.47616867,-113.5963977,RBV,0
984,53.48343497,-113.57911100000001,RBV,0
1960,53.47997296,-113.5906176,RBV,0
2010,53.47519253,-113.5884696,RBV,0
1237,53.47453048,-113.582503,RBV,0
1248,53.47916235,-113.5911537,RBV,0
2579,53.47741361,-113.57745800000001,RBV,0
2342,53.48323867,-113.58043970000001,RBV,0
2567,53.48066572,-113.57292369999999,RBV,0
336,53.48307766,-113.58590120000001,RBV,0
563,53.48233389,-113.5777663,RBV,0
1677,53.47829628,-113.5980875,RBV,0
2265,53.47864431,-113.59832549999999,RBV,0
2325,53.48581362,-113.57854170000002,RBV,0
564,53.48160024,-113.5860969,RBV,0
2343,53.48481358,-113.5796304,RBV,0
2580,53.47629227,-113.5972993,RBV,0
3514,53.47368916,-113.60168700000001,RBV,0
562,53.48327856,-113.57368059999999,RBV,0
54,53.47257764,-113.599631,RBV,0
1552,53.46921579999999,-113.5994337,RBV,0
2457,53.48675173,-113.57841090000002,RBV,0
2847,53.47133699,-113.5957064,RBV,0
3390,53.48819326,-113.5791453,RBV,0
1549,53.47091629999999,-113.59632990000001,RBV,0
1816,53.48626437,-113.5731096,RBV,0
2326,53.48595967,-113.5772999,RBV,0
2314,53.48454129,-113.5777511,RBV,0
3499,53.49231021,-113.57546119999999,RBV,0
2997,53.49160219,-113.56931680000001,RBV,0
2998,53.49441798,-113.5738646,RBV,0
2034,53.49612748,-113.5765269,RBV,0
1689,53.4904304,-113.5676581,RBV,0
1858,53.49595387,-113.57862779999999,RBV,0
1692,53.49586336,-113.5729885,RBV,0
1338,53.49525905,-113.58264790000001,RBV,0
3802,53.49270487,-113.5802592,RBV,0
1558,53.4976314,-113.57964,RBV,0
1211,53.49742958,-113.57420929999999,RBV,0
2009,53.49623875,-113.58779170000001,RBV,0
1691,53.49349408,-113.5673686,RBV,0
930,53.49932034,-113.5778442,RBV,0
2607,53.49698175,-113.5859687,RBV,0
1687,53.48947319,-113.56408449999999,RBV,0
312,53.48748589,-113.5659146,RBV,0
2608,53.48776185,-113.5636818,RBV,0
1859,53.49371434,-113.5635699,RBV,0
1688,53.4948405,-113.56823390000001,RBV,0
1788,53.49467404,-113.5709562,RBV,0
3191,53.4856364,-113.56926270000001,RBV,0
1720,53.48557887,-113.5685092,RBV,0
1918,53.495546999999995,-113.5713402,RBV,0
1920,53.50201708,-113.5719091,RBV,0
1557,53.501082700000005,-113.5715272,RBV,0
1204,53.4841667,-113.563694,RBV,0
2367,53.49829956,-113.56574779999998,RBV,0
2366,53.49819625,-113.5650572,RBV,0
2406,53.48328608,-113.5624498,RBV,0
1394,53.49795571,-113.5683269,RBV,0
1240,53.48467129,-113.56379799999999,RBV,0
2008,53.49878431,-113.5703439,RBV,0
9994,53.450936,-113.61381100000001,RBV,0
10008,53.45027569,-113.6095233,RBV,0
10090,53.45026628,-113.6100129,RBV,0
10089,53.45315076,-113.61415090000001,RBV,0
2824,53.48144791,-113.5497135,RBV,0
2479,53.47846112,-113.5376293,RBV,0
1794,53.48562893,-113.54149070000001,RBV,0
10086,53.48464033,-113.54091059999999,RBV,0
1114,53.47870935,-113.539798,RBV,0
10109,53.48836838,-113.54091470000002,RBV,0
3560,53.47425949,-113.54067930000001,RBV,0
2191,53.48661841,-113.5440894,RBV,0
1580,53.48511298,-113.54672839999999,RBV,0
4635,53.47162124,-113.5385166,RBV,0
1101,53.48322226,-113.54842020000001,RBV,0
1441,53.4769466,-113.5457202,RBV,0
2478,53.47772887,-113.5337038,RBV,0
792,53.47190747,-113.5323027,RBV,0
821,53.48126055,-113.53599309999998,RBV,0
2502,53.47479387,-113.5516172,RBV,0
2978,53.48440534,-113.5305618,RBV,0
814,53.47994354,-113.52902320000001,RBV,0
1434,53.48980738,-113.548294,RBV,0
2537,53.48655979,-113.55215020000001,RBV,0
465,53.48280224,-113.5327217,RBV,0
412,53.49022116,-113.5499831,RBV,0
7649,53.48884512,-113.5305284,RBV,0
178,53.47384301,-113.55164380000001,RBV,0
414,53.48047051,-113.53072220000001,RBV,0
4304,53.47717103,-113.552654,RBV,0
4558,53.48167949,-113.529867,RBV,0
952,53.47065967,-113.5321777,RBV,0
1072,53.48827938,-113.5304618,RBV,0
2842,53.47364825,-113.5249193,RBV,0
530,53.467867000000005,-113.53485049999999,RBV,0
897,53.47438396,-113.52003909999998,RBV,0
1430,53.48859852,-113.5256909,RBV,0
1693,53.47007117,-113.52536200000002,RBV,0
699,53.46551089,-113.5367304,RBV,0
1288,53.47676193,-113.5240764,RBV,0
1969,53.46701065,-113.537944,RBV,0
1938,53.48114281,-113.5210328,RBV,0
1433,53.49257115,-113.5289358,RBV,0
1904,53.47695007,-113.51698700000001,RBV,0
2823,53.46227281,-113.53901540000001,RBV,0
105,53.46691025,-113.5344493,RBV,0
3570,53.46179182,-113.5376613,RBV,0
2190,53.49914418,-113.5450879,RBV,0
2779,53.46700039,-113.52825459999998,RBV,0
1437,53.48613255,-113.5251761,RBV,0
1374,53.49945764,-113.5424794,RBV,0
2992,53.48911263,-113.52236429999999,RBV,0
898,53.47547724,-113.5201007,RBV,0
1429,53.48859595,-113.52000840000001,RBV,0
2803,53.46652412,-113.52649009999999,RBV,0
135,53.46258265,-113.5420315,RBV,0
529,53.467689799999995,-113.5293848,RBV,0
1582,53.47573451,-113.51172509999999,RBV,0
2054,53.48362742,-113.52552240000001,RBV,0
1431,53.49092275,-113.5250283,RBV,0
1262,53.46828313,-113.52721709999999,RBV,0
1224,53.48622188,-113.5223581,RBV,0
1183,53.462897999999996,-113.54407340000002,RBV,0
1432,53.49487381,-113.5271346,RBV,0
1985,53.47743709,-113.51338559999999,RBV,0
1392,53.4659225,-113.53096550000001,RBV,0
1375,53.50203247,-113.54399140000001,RBV,0
1223,53.48514063,-113.52106979999999,RBV,0
3370,53.46521178,-113.5254291,RBV,0
527,53.46672862,-113.5288315,RBV,0
1378,53.49871312,-113.5507144,RBV,0
2495,53.47760857,-113.5095938,RBV,0
602,53.47392437,-113.51280420000002,RBV,0
2506,53.47749859,-113.5070716,RBV,0
134,53.46366625,-113.5450078,RBV,0
791,53.46791503,-113.5234824,RBV,0
1376,53.50095369,-113.54789070000001,RBV,0
1569,53.46114379,-113.5376483,RBV,0
1391,53.46415942,-113.52630819999999,RBV,0
1377,53.499743099999996,-113.55183740000001,RBV,0
649,53.48532079,-113.51767269999999,RBV,0
2871,53.47280759,-113.50692,RBV,0
1919,53.50413648,-113.5460037,RBV,0
1584,53.47877903,-113.50925249999999,RBV,0
1156,53.46111483,-113.5347027,RBV,0
1585,53.47993615,-113.51132460000001,RBV,0
2310,53.46350824,-113.5230682,RBV,0
1957,53.45679524,-113.54267220000001,RBV,0
1707,53.45999034,-113.54093130000001,RBV,0
1220,53.47991266,-113.51299579999998,RBV,0
1706,53.4596741,-113.5393229,RBV,0
512,53.47711035,-113.5043452,RBV,0
3361,53.46667044,-113.52163190000002,RBV,0
1428,53.49172111,-113.5198699,RBV,0
1956,53.46157156,-113.54229879999998,RBV,0
605,53.47097272,-113.5127803,RBV,0
1656,53.47011655,-113.5111887,RBV,0
1668,53.46077611,-113.5398996,RBV,0
1016,53.48113812,-113.5074372,RBV,0
1221,53.480784,-113.51133940000001,RBV,0
1547,53.47341421,-113.5000821,RBV,0
1540,53.46567019,-113.5226015,RBV,0
1530,53.4558456,-113.5299861,RBV,0
2568,53.45833655,-113.53256840000002,RBV,0
1279,53.45901085,-113.54184620000001,RBV,0
1531,53.45726571,-113.53835590000001,RBV,0
1494,53.45891079,-113.5467675,RBV,0
1708,53.45964155,-113.54366529999999,RBV,0
2088,53.47052086,-113.51596090000001,RBV,0
1675,53.47011375,-113.51423989999999,RBV,0
1886,53.46393533,-113.51567309999999,RBV,0
3545,53.46205326,-113.5278072,RBV,0
603,53.47212387,-113.50446389999999,RBV,0
1393,53.46523485,-113.52012490000001,RBV,0
1390,53.4620272,-113.5175962,RBV,0
3372,53.46515908,-113.5183826,RBV,0
3339,53.46973826,-113.51705659999999,RBV,0
2559,53.47994832,-113.51549490000001,RBV,0
2972,53.46336809,-113.5176874,RBV,0
2971,53.45462328,-113.53911770000002,RBV,0
1761,53.46685282,-113.51155530000001,RBV,0
38,53.46709856,-113.5123688,RBV,0
604,53.471220200000005,-113.5001519,RBV,0
2387,53.45130565,-113.5304818,RBV,0
2184,53.454164799999994,-113.5252887,RBV,0
2189,53.49749314,-113.52041820000001,RBV,0
2494,53.46655639,-113.5144368,RBV,0
4276,53.45456327,-113.52509140000001,RBV,0
1149,53.471574200000006,-113.49566540000001,RBV,0
1663,53.46118388,-113.51825819999999,RBV,0
1249,53.4714405,-113.4970968,RBV,0
1571,53.44927413,-113.52737079999999,RBV,0
1289,53.45539654,-113.52565919999999,RBV,0
1115,53.4606329,-113.5138247,RBV,0
1978,53.45830869,-113.51632839999999,RBV,0
3371,53.46406003,-113.5171216,RBV,0
1189,53.45758454,-113.51567649999998,RBV,0
2001,53.45977218,-113.51152749999999,RBV,0
1846,53.46710897,-113.5047182,RBV,0
1529,53.45580275,-113.5182087,RBV,0
1566,53.45079412,-113.52308020000001,RBV,0
1885,53.46501407,-113.5032784,RBV,0
1964,53.49148107,-113.49555,RBV,0
2004,53.46393297,-113.5148367,RBV,0
1349,53.45444878,-113.5178155,RBV,0
2147,53.44843156,-113.52419579999999,RBV,0
1762,53.46640219,-113.50943410000001,RBV,0
4462,53.46158341,-113.50560060000001,RBV,0
2486,53.46711652,-113.50360409999999,RBV,0
2569,53.45344329,-113.5175838,RBV,0
1546,53.46206398,-113.51405259999999,RBV,0
1467,53.48795973,-113.49516399999999,RBV,0
1941,53.46451026,-113.5020966,RBV,0
3834,53.48084019,-113.497346,RBV,0
1690,53.46602925,-113.5083733,RBV,0
2408,53.45719948,-113.5169395,RBV,0
2920,53.46388565,-113.5056304,RBV,0
2087,53.46581367,-113.49622649999999,RBV,0
1997,53.46689691,-113.50682979999999,RBV,0
2097,53.44895442,-113.5169053,RBV,0
2718,53.46203698,-113.50051380000001,RBV,0
1255,53.46692412,-113.4987791,RBV,0
3007,53.46205005,-113.4981424,RBV,0
4254,53.45382971,-113.52493899999999,RBV,0
3342,53.45024398,-113.5121273,RBV,0
4630,53.45839076,-113.5047456,RBV,0
3249,53.44793404,-113.516024,RBV,0
4596,53.4577281,-113.501628,RBV,0
4597,53.45775575,-113.5015334,RBV,0
356,53.46059016,-113.4965017,RBV,0
1096,53.48076577,-113.4940646,RBV,0
1095,53.48006893,-113.49437490000001,RBV,0
1916,53.45936018,-113.5001615,RBV,0
432,53.45752248,-113.50235829999998,RBV,0
618,53.45880153,-113.49559540000001,RBV,0
3527,53.45432673,-113.50318190000002,RBV,0
1796,53.45687427,-113.50056219999999,RBV,0
3821,53.4502047,-113.5086486,RBV,0
997,53.44762469,-113.51256409999998,RBV,0
2631,53.44751444,-113.51242179999998,RBV,0
2733,53.44796486,-113.508894,RBV,0
1155,53.45839608,-113.4952509,RBV,0
2570,53.44784983,-113.50851200000001,RBV,0
4088,53.45222341,-113.50116499999999,RBV,0
3350,53.44303232,-113.51769469999999,RBV,0
9363,53.45453548,-113.55061640000001,RBV,0
3408,53.44316947,-113.51661090000002,RBV,0
3468,53.44972772,-113.5037655,RBV,0
1793,53.44291311,-113.51939009999998,RBV,0
3754,53.45718006,-113.55311770000002,RBV,0
1008,53.44261089999999,-113.51625370000001,RBV,0
2837,53.44803943,-113.5597389,RBV,0
5122,53.447072,-113.5615128,RBV,0
8648,53.44567646,-113.5040594,RBV,0
2714,53.44298286,-113.5127254,RBV,0
4390,53.44828573,-113.56453090000001,RBV,0
2715,53.44236602,-113.51253090000002,RBV,0
1239,53.44033979999999,-113.526141,RBV,0
