pk_site_id,latitude,longitude,yard,distance
2055,53.52702145,-113.51793559999999,OKY,0
1022,53.52588522,-113.5158166,OKY,0
2698,53.52324627,-113.53525590000001,OKY,0
1638,53.52187389,-113.53471929999999,OKY,0
1629,53.52582983,-113.5326362,OKY,0
2812,53.52423438,-113.53598840000001,OKY,0
1491,53.52052255,-113.53463490000001,OKY,0
1021,53.50132503,-113.5031567,OKY,0
691,53.52514221,-113.53594950000002,OKY,0
1505,53.50681628,-113.51335949999999,OKY,0
1109,53.52178477,-113.5371705,OKY,0
1366,53.51515315,-113.53010379999999,OKY,0
3343,53.5132627,-113.52350630000001,OKY,0
1630,53.52742809,-113.5363244,OKY,0
2859,53.49963223,-113.5060312,OKY,0
1107,53.51654634,-113.5226287,OKY,0
719,53.50634093,-113.51835109999999,OKY,0
721,53.504839399999994,-113.51576299999999,OKY,0
1225,53.50045846,-113.5012432,OKY,0
1635,53.51250531,-113.5287588,OKY,0
3479,53.52798225,-113.5385165,OKY,0
2475,53.51032729999999,-113.52490390000001,OKY,0
690,53.52927571,-113.5347376,OKY,0
1586,53.51914012,-113.53460929999999,OKY,0
1710,53.53221461,-113.5348299,OKY,0
3267,53.50398302,-113.51786200000001,OKY,0
1372,53.49548924,-113.5045618,OKY,0
2563,53.533306700000004,-113.5356181,OKY,0
718,53.50285263,-113.5165057,OKY,0
1293,53.51531289,-113.53296770000001,OKY,0
1791,53.52004776,-113.53872949999999,OKY,0
1634,53.51424547,-113.5355121,OKY,0
1151,53.50271269,-113.5182882,OKY,0
2481,53.51578395,-113.5376202,OKY,0
3568,53.53059425,-113.53925590000001,OKY,0
2928,53.50048202,-113.51237009999998,OKY,0
1168,53.51263052,-113.5349077,OKY,0
1371,53.49448684,-113.50527340000002,OKY,0
1898,53.49905634,-113.51192979999999,OKY,0
3344,53.50972814,-113.53144280000001,OKY,0
3081,53.5096331,-113.52598459999999,OKY,0
752,53.49984532,-113.51366110000001,OKY,0
685,53.49938942,-113.51345740000001,OKY,0
1369,53.4975966,-113.5025779,OKY,0
684,53.50213359,-113.5197294,OKY,0
1619,53.50985621,-113.53491090000001,OKY,0
1610,53.49206297,-113.50448929999999,OKY,0
1373,53.49717844,-113.51264979999999,OKY,0
2249,53.49497705,-113.50207069999999,OKY,0
2266,53.525110600000005,-113.4993747,OKY,0
1590,53.52814906,-113.50525959999999,OKY,0
1169,53.50870261,-113.53440069999999,OKY,0
466,53.50330887,-113.5227047,OKY,0
1861,53.50760849,-113.535983,OKY,0
2157,53.52669682,-113.50841170000001,OKY,0
9964,53.51154305,-113.53986780000001,OKY,0
2988,53.49858577,-113.51582659999998,OKY,0
1514,53.49465765,-113.51061750000001,OKY,0
1516,53.49180881,-113.50070649999999,OKY,0
1367,53.50800915,-113.53819540000002,OKY,0
807,53.50627725,-113.53650549999999,OKY,0
1639,53.5070304,-113.53702,OKY,0
1515,53.490123399999995,-113.50072240000001,OKY,0
3725,53.49378457,-113.51622490000001,OKY,0
9965,53.50765394,-113.5408686,OKY,0
1893,53.52760479999999,-113.5470072,OKY,0
2082,53.50604401,-113.5386693,OKY,0
2183,53.48935209,-113.49904540000001,OKY,0
2604,53.52840712,-113.51617590000001,OKY,0
1866,53.48692327,-113.5010953,OKY,0
1579,53.48994103,-113.50779140000002,OKY,0
1287,53.49480108,-113.52034920000001,OKY,0
1370,53.48841224,-113.5109577,OKY,0
2473,53.4839836,-113.50290600000001,OKY,0
2922,53.49143387,-113.5172225,OKY,0
1581,53.4936904,-113.5210463,OKY,0
2474,53.48622953,-113.50945540000001,OKY,0
2472,53.49282801,-113.5238408,OKY,0
1427,53.48265597,-113.5044001,OKY,0
2134,53.571041,-113.54204070000002,OKY,0
