pk_site_id,latitude,longitude,yard,distance
2014,53.56051041,-113.4122403,GBY,0
2769,53.55514767,-113.41853,GBY,0
2380,53.55622078,-113.4142713,GBY,0
181,53.5572473,-113.4252652,GBY,0
2164,53.55869211,-113.42542759999998,GBY,0
4261,53.55571284,-113.42354340000001,GBY,0
4091,53.55324426,-113.4206097,GBY,0
439,53.55772552,-113.4276558,GBY,0
182,53.55581701,-113.42690729999998,GBY,0
2379,53.55466243,-113.4166271,GBY,0
3134,53.55237309,-113.415435,GBY,0
1658,53.55564341,-113.42972169999999,GBY,0
4374,53.55668627,-113.4300926,GBY,0
590,53.55320893,-113.4135622,GBY,0
3121,53.55432133,-113.4081388,GBY,0
2527,53.55024676,-113.41912549999999,GBY,0
1970,53.54941313,-113.419752,GBY,0
4604,53.54981941,-113.4141054,GBY,0
1906,53.54687053,-113.41856010000001,GBY,0
4562,53.55184294,-113.4089197,GBY,0
4676,53.54972528,-113.40807340000002,GBY,0
3120,53.55182718,-113.40701570000002,GBY,0
2797,53.54562052,-113.4191263,GBY,0
3123,53.54648448,-113.41348130000002,GBY,0
2899,53.5468906,-113.4283128,GBY,0
4623,53.54797208,-113.42996529999999,GBY,0
2016,53.54874589,-113.4057399,GBY,0
3107,53.54291355,-113.4167825,GBY,0
2898,53.54669991,-113.4305195,GBY,0
4556,53.54598543,-113.4250088,GBY,0
1966,53.5473042,-113.43463659999999,GBY,0
3109,53.54680764,-113.4091794,GBY,0
2798,53.54443227,-113.4273885,GBY,0
3108,53.54564077,-113.4082179,GBY,0
2897,53.54508906,-113.4291529,GBY,0
4622,53.54260113,-113.4240793,GBY,0
4557,53.5410779,-113.422009,GBY,0
4288,53.54958854,-113.43978419999999,GBY,0
4643,53.54981994,-113.4396051,GBY,0
1075,53.53849365,-113.4265287,GBY,0
4626,53.54712329,-113.44379359999999,GBY,0
2465,53.55109592,-113.445158,GBY,0
2466,53.550571999999995,-113.446547,GBY,0
3611,53.53949827,-113.4305311,GBY,0
3959,53.53249873,-113.41838249999999,GBY,0
1860,53.5525782,-113.44016529999999,GBY,0
4651,53.55304255,-113.4392846,GBY,0
440,53.53588945,-113.42300230000001,GBY,0
4179,53.53580303,-113.4249695,GBY,0
4578,53.54130736,-113.4338686,GBY,0
2900,53.54251483,-113.4338293,GBY,0
3767,53.537579,-113.4201912,GBY,0
4583,53.53704906,-113.42937979999999,GBY,0
1017,53.53593095,-113.4310656,GBY,0
4625,53.54312581,-113.44646999999999,GBY,0
3840,53.55040782,-113.455374,GBY,0
4489,53.53766041,-113.43895230000001,GBY,0
4586,53.54272791,-113.432695,GBY,0
4587,53.54445082,-113.4356632,GBY,0
1316,53.53171493,-113.4217322,GBY,0
4522,53.53949524,-113.435579,GBY,0
3182,53.52930644,-113.424802,GBY,0
2546,53.52968843,-113.42164,GBY,0
4011,53.53125177,-113.4270686,GBY,0
309,53.54472687,-113.45326010000001,GBY,0
4190,53.54654082,-113.4579086,GBY,0
4012,53.53011833,-113.42009850000001,GBY,0
64,53.53620179,-113.44033600000002,GBY,0
2385,53.54486321,-113.4388203,GBY,0
4396,53.52476798,-113.41860679999999,GBY,0
4456,53.54312455,-113.4515283,GBY,0
4075,53.52949572,-113.4189642,GBY,0
3957,53.53913614,-113.44301940000001,GBY,0
4588,53.54615524,-113.44032299999999,GBY,0
4437,53.54439071,-113.44275490000001,GBY,0
2550,53.52871346,-113.4223112,GBY,0
4576,53.53142729,-113.43727890000001,GBY,0
4684,53.53412676,-113.43930859999999,GBY,0
3956,53.54587179,-113.44170009999999,GBY,0
4376,53.54609059,-113.4590477,GBY,0
3958,53.53927859,-113.4508733,GBY,0
2549,53.52883935,-113.41983490000001,GBY,0
1894,53.53897702,-113.44554550000001,GBY,0
4198,53.53804707,-113.44705859999999,GBY,0
4452,53.51956079,-113.4183455,GBY,0
2552,53.52490134,-113.42157759999998,GBY,0
5805,53.52704208,-113.43040220000002,GBY,0
2386,53.5388941,-113.44365490000001,GBY,0
1477,53.52333467,-113.4198854,GBY,0
2551,53.52415337,-113.42072009999998,GBY,0
69,53.51814912,-113.4199973,GBY,0
568,53.51698107,-113.4182013,GBY,0
3506,53.52740586,-113.43628020000001,GBY,0
4616,53.53934181,-113.4556598,GBY,0
3561,53.53510922,-113.4516118,GBY,0
4262,53.52051234,-113.4190959,GBY,0
3254,53.52817987,-113.44650729999998,GBY,0
2846,53.51414833,-113.4213001,GBY,0
132,53.51875284,-113.4242616,GBY,0
3662,53.52694479,-113.4446476,GBY,0
3832,53.53682393,-113.4549801,GBY,0
3255,53.52735997,-113.44543590000002,GBY,0
1456,53.52541651,-113.44071100000001,GBY,0
4043,53.53148454,-113.4508368,GBY,0
4601,53.52224743,-113.4420834,GBY,0
4547,53.52192105,-113.4428855,GBY,0
3384,53.510076399999996,-113.41838159999999,GBY,0
3360,53.515786600000006,-113.4302362,GBY,0
3487,53.52895628,-113.45197240000002,GBY,0
3449,53.51232586,-113.42347099999999,GBY,0
3411,53.52784101,-113.4509571,GBY,0
511,53.53669821,-113.46189820000001,GBY,0
280,53.52033983,-113.44271540000001,GBY,0
4546,53.51227905,-113.4115501,GBY,0
4394,53.52195602,-113.4432593,GBY,0
3394,53.53090151,-113.45578229999998,GBY,0
4010,53.52534617,-113.4499205,GBY,0
4603,53.52220826,-113.4305105,GBY,0
3504,53.52502939,-113.44762040000002,GBY,0
279,53.52016614,-113.4404997,GBY,0
3393,53.53302012,-113.45369540000002,GBY,0
4655,53.53852272,-113.47127169999999,GBY,0
4308,53.51979663,-113.4305139,GBY,0
841,53.52354243,-113.4443855,GBY,0
4125,53.52260208,-113.4461716,GBY,0
3395,53.5290003,-113.45469170000001,GBY,0
561,53.51932181,-113.4397248,GBY,0
535,53.53453969,-113.46702040000001,GBY,0
995,53.52440917,-113.4519433,GBY,0
3618,53.53239598,-113.4645996,GBY,0
4653,53.53692936,-113.4706388,GBY,0
3315,53.52848934,-113.4609639,GBY,0
4126,53.52239547,-113.44813559999999,GBY,0
4609,53.5307297,-113.46209609999998,GBY,0
270,53.52290707,-113.4354382,GBY,0
4439,53.5179328,-113.4379913,GBY,0
3396,53.5259993,-113.45496599999998,GBY,0
809,53.52644386,-113.45410919999999,GBY,0
4127,53.52033114,-113.4468263,GBY,0
2165,53.51663277,-113.40355339999999,GBY,0
4493,53.51483706,-113.4433172,GBY,0
994667,53.53440614,-113.47256429999999,GBY,0
147,53.51487708,-113.44290690000001,GBY,0
4652,53.51742877,-113.4378236,GBY,0
643,53.51372686,-113.44100120000002,GBY,0
4663,53.53129527,-113.47124769999999,GBY,0
883,53.53870576,-113.4795739,GBY,0
385,53.53191903,-113.4726713,GBY,0
2973,53.51591628,-113.4046955,GBY,0
4662,53.52273839,-113.45926770000001,GBY,0
2390,53.53603562,-113.47804280000001,GBY,0
4256,53.52365568,-113.4570992,GBY,0
2261,53.53647744,-113.48166909999999,GBY,0
1140,53.510901000000004,-113.44287879999999,GBY,0
596,53.49914123,-113.4180896,GBY,0
3334,53.5273496,-113.4609268,GBY,0
4255,53.52390136,-113.45679809999999,GBY,0
386,53.52545463,-113.46194540000002,GBY,0
382,53.52806581,-113.47073219999999,GBY,0
1870,53.50977333,-113.4432727,GBY,0
694,53.5228885,-113.4517041,GBY,0
2610,53.53179874,-113.47972549999999,GBY,0
2391,53.53403064,-113.479064,GBY,0
2260,53.5336275,-113.48569979999999,GBY,0
4124,53.52360512,-113.4545367,GBY,0
9354,53.53407858,-113.48394099999999,GBY,0
2217,53.5254877,-113.4743503,GBY,0
1139,53.50890304,-113.4480183,GBY,0
2341,53.51656641,-113.4527718,GBY,0
4123,53.5227385,-113.4689726,GBY,0
4550,53.51408458,-113.43241450000001,GBY,0
4450,53.51408458,-113.43241450000001,GBY,0
1652,53.50784204,-113.4410902,GBY,0
1869,53.5055051,-113.4487169,GBY,0
4035,53.51411138,-113.4595635,GBY,0
4490,53.49471468,-113.42821979999998,GBY,0
1228,53.52571401,-113.4889881,GBY,0
4767,53.49034044,-113.4155408,GBY,0
10155,53.48736068,-113.42012759999999,GBY,0
2039,53.51035033,-113.45716000000002,GBY,0
1854,53.51080393,-113.44925020000001,GBY,0
4282,53.51772153,-113.47095459999998,GBY,0
926,53.52461864,-113.4895913,GBY,0
1176,53.51111583,-113.46078529999998,GBY,0
4688,53.4880411,-113.41212709999999,GBY,0
1769,53.525118299999995,-113.49180439999999,GBY,0
103,53.51147159,-113.4623148,GBY,0
4636,53.49657781,-113.4349257,GBY,0
4521,53.51548244,-113.4701389,GBY,0
1342,53.49972867,-113.45711899999999,GBY,0
1583,53.50808986,-113.4573469,GBY,0
1868,53.50873972,-113.46091159999999,GBY,0
72,53.48499448,-113.41472340000001,GBY,0
2451,53.48366475,-113.4107578,GBY,0
