pk_site_id,latitude,longitude,yard,distance
1825,53.51228056,-113.46825630000001,DON,0
542,53.519794299999994,-113.4742138,DON,0
2193,53.52148967,-113.4750752,DON,0
2410,53.51560934,-113.4812774,DON,0
106,53.51372262,-113.48130079999999,DON,0
1853,53.51107684,-113.4796675,DON,0
2860,53.51080315,-113.4810636,DON,0
107,53.51014172,-113.4792693,DON,0
2411,53.52135918,-113.48932279999998,DON,0
4642,53.51287527,-113.4859507,DON,0
735,53.50944504,-113.46676070000001,DON,0
2412,53.52130133,-113.49340179999999,DON,0
4054,53.51938404,-113.4970781,DON,0
2762,53.52214433,-113.49341100000001,DON,0
3852,53.50452452,-113.4780294,DON,0
1589,53.51881167,-113.4962756,DON,0
2062,53.50510071,-113.45424129999999,DON,0
1877,53.50650567,-113.45070859999998,DON,0
1674,53.50483238,-113.4689413,DON,0
4055,53.51979968,-113.49703559999999,DON,0
476,53.5213299,-113.49756000000001,DON,0
2425,53.52087881,-113.4967304,DON,0
3660,53.51274755,-113.4943072,DON,0
2409,53.50761008,-113.4843723,DON,0
2409,53.50761008,-113.4843723,DON,0
2813,53.51978075,-113.50197040000002,DON,0
1508,53.52136465,-113.49695619999999,DON,0
2373,53.52043525,-113.4947621,DON,0
3918,53.52150487,-113.5009388,DON,0
2053,53.52197042,-113.50176699999999,DON,0
3070,53.512794299999996,-113.5022969,DON,0
2430,53.52334735,-113.50153859999999,DON,0
826,53.52278344,-113.495112,DON,0
2854,53.51359696,-113.50490729999999,DON,0
1186,53.52396898,-113.5027247,DON,0
4375,53.50272654,-113.4859926,DON,0
947,53.50190593,-113.4560504,DON,0
1174,53.50075934,-113.4611437,DON,0
1654,53.49982618,-113.46237659999998,DON,0
1187,53.502250399999994,-113.4615795,DON,0
1633,53.51258752,-113.50447790000001,DON,0
2085,53.50013044,-113.4623617,DON,0
881,53.50248620000001,-113.45885,DON,0
1492,53.51662569,-113.51063229999998,DON,0
2459,53.50201544,-113.46585479999999,DON,0
1380,53.50441537,-113.4562932,DON,0
2717,53.52378960000001,-113.50841499999999,DON,0
2179,53.52463416,-113.50692450000001,DON,0
1175,53.50386697,-113.4623646,DON,0
3359,53.49844720000001,-113.4671808,DON,0
2753,53.50219799,-113.4796743,DON,0
1442,53.51404644,-113.51040900000001,DON,0
1867,53.50596204,-113.46371429999999,DON,0
4681,53.49329794,-113.4566562,DON,0
2223,53.49481141,-113.4566503,DON,0
985,53.501875600000005,-113.4687706,DON,0
2460,53.50885546,-113.5016621,DON,0
2194,53.50096985,-113.46779270000002,DON,0
1636,53.50966421,-113.5083314,DON,0
1518,53.50445888,-113.49981480000001,DON,0
1637,53.5080913,-113.501746,DON,0
827,53.51638268,-113.5217269,DON,0
2434,53.50944549,-113.4993593,DON,0
1108,53.52454676,-113.512922,DON,0
1193,53.49922599,-113.45255470000001,DON,0
1193,53.49922599,-113.45255470000001,DON,0
1446,53.49314887,-113.4595989,DON,0
1507,53.51527628,-113.5200636,DON,0
1748,53.50743721,-113.49957909999999,DON,0
2814,53.52240548,-113.51361299999999,DON,0
2985,53.49343282,-113.46709059999999,DON,0
1622,53.48954662,-113.45473799999999,DON,0
1253,53.49184378,-113.46000090000001,DON,0
1506,53.51153414,-113.51927079999999,DON,0
2073,53.50009282,-113.48985929999999,DON,0
1513,53.51029192,-113.5174088,DON,0
1517,53.5012907,-113.49866840000001,DON,0
1294,53.50990058,-113.51980060000001,DON,0
1767,53.48551602,-113.45204199999999,DON,0
