pk_site_id,latitude,longitude,yard,distance
4609,53.5307297,-113.46209609999998,0
4616,53.53934181,-113.4556598,0
4623,53.54797208,-113.42996529999999,0
4625,53.54312581,-113.44646999999999,0
4626,53.54712329,-113.44379359999999,0
3611,53.53949827,-113.4305311,0
4124,53.52360512,-113.4545367,0
4123,53.5227385,-113.4689726,0
4127,53.52033114,-113.4468263,0
3618,53.53239598,-113.4645996,0
4643,53.54981994,-113.4396051,0
4651,53.55304255,-113.4392846,0
2604,53.52840712,-113.51617590000001,0
4652,53.51742877,-113.4378236,0
4655,53.53852272,-113.47127169999999,0
3121,53.55432133,-113.4081388,0
2610,53.53179874,-113.47972549999999,0
1075,53.53849365,-113.4265287,0
568,53.51698107,-113.4182013,0
64,53.53620179,-113.44033600000002,0
4676,53.54972528,-113.40807340000002,0
994376,53.54555797,-113.4585835,0
4684,53.53412676,-113.43930859999999,0
590,53.55320893,-113.4135622,0
2642,53.5028667,-113.34852839999999,0
4179,53.53580303,-113.4249695,0
4198,53.53804707,-113.44705859999999,0
103,53.51147159,-113.4623148,0
3182,53.52930644,-113.424802,0
2164,53.55869211,-113.42542759999998,0
2165,53.51663277,-113.40355339999999,0
1658,53.55564341,-113.42972169999999,0
643,53.51372686,-113.44100120000002,0
132,53.51875284,-113.4242616,0
2193,53.52148967,-113.4750752,0
6306,53.49648373,-113.3974274,0
4261,53.55571284,-113.42354340000001,0
4262,53.52051234,-113.4190959,0
2217,53.5254877,-113.4743503,0
181,53.5572473,-113.4252652,0
3254,53.52817987,-113.44650729999998,0
3767,53.537579,-113.4201912,0
4282,53.51772153,-113.47095459999998,0
4288,53.54958854,-113.43978419999999,0
4308,53.51979663,-113.4305139,0
2261,53.53647744,-113.48166909999999,0
270,53.52290707,-113.4354382,0
4376,53.54609059,-113.4590477,0
2846,53.51414833,-113.4213001,0
3360,53.515786600000006,-113.4302362,0
1825,53.51228056,-113.46825630000001,0
1316,53.53171493,-113.4217322,0
2341,53.51656641,-113.4527718,0
4394,53.52195602,-113.4432593,0
4396,53.52476798,-113.41860679999999,0
4398,53.50519941,-113.36516409999999,0
309,53.54472687,-113.45326010000001,0
984376,53.54555797,-113.4585835,0
2379,53.55466243,-113.4166271,0
2380,53.55622078,-113.4142713,0
994124,53.52354317,-113.453953,0
1868,53.50873972,-113.46091159999999,0
2386,53.5388941,-113.44365490000001,0
2391,53.53403064,-113.479064,0
4439,53.5179328,-113.4379913,0
4452,53.51956079,-113.4183455,0
1893,53.52760479999999,-113.5470072,0
994667,53.53440614,-113.47256429999999,0
3958,53.53927859,-113.4508733,0
3959,53.53249873,-113.41838249999999,0
382,53.52806581,-113.47073219999999,0
385,53.53191903,-113.4726713,0
386,53.52545463,-113.46194540000002,0
994179,53.53582832,-113.42514140000002,0
3974,53.50154929,-113.3675824,0
4493,53.51483706,-113.4433172,0
2973,53.51591628,-113.4046955,0
4521,53.51548244,-113.4701389,0
4522,53.53949524,-113.435579,0
4011,53.53125177,-113.4270686,0
4010,53.52534617,-113.4499205,0
2477,53.55582658,-113.4039236,0
1966,53.5473042,-113.43463659999999,0
3506,53.52740586,-113.43628020000001,0
439,53.55772552,-113.4276558,0
4035,53.51411138,-113.4595635,0
4550,53.51408458,-113.43241450000001,0
4043,53.53148454,-113.4508368,0
4556,53.54598543,-113.4250088,0
4562,53.55184294,-113.4089197,0
2527,53.55024676,-113.41912549999999,0
2016,53.54874589,-113.4057399,0
4576,53.53142729,-113.43727890000001,0
4583,53.53704906,-113.42937979999999,0
3561,53.53510922,-113.4516118,0
4586,53.54272791,-113.432695,0
4075,53.52949572,-113.4189642,0
4601,53.52224743,-113.4420834,0
4604,53.54981941,-113.4141054,0
1017,53.53593095,-113.4310656,0
511,53.53669821,-113.46189820000001,0
