pk_site_id,latitude,longitude,yard,distance
2054,53.48362742,-113.52552240000001,0
19,53.44662182,-113.54295139999999,0
23,53.47190191,-113.59207450000001,0
2074,53.50080356,-113.5631143,0
28,53.44904096,-113.53969479999999,0
2077,53.44169474,-113.5326955,0
2082,53.50604401,-113.5386693,0
38,53.46709856,-113.5123688,0
2087,53.46581367,-113.49622649999999,0
2088,53.47052086,-113.51596090000001,0
47,53.46503964,-113.5639002,0
2097,53.44895442,-113.5169053,0
50,53.46645287,-113.56674140000001,0
53,53.46715388,-113.5885531,0
54,53.47257764,-113.599631,0
73,53.44092299,-113.5226604,0
97,53.47191218,-113.58257520000001,0
2147,53.44843156,-113.52419579999999,0
105,53.46691025,-113.5344493,0
2161,53.46767515,-113.57376909999999,0
119,53.46540512,-113.56230819999999,0
120,53.46238889999999,-113.56486090000001,0
2168,53.46521293,-113.5950585,0
121,53.47144703,-113.59092439999999,0
4222,53.46721136,-113.5770956,0
2174,53.41301857,-113.4962645,0
134,53.46366625,-113.5450078,0
135,53.46258265,-113.5420315,0
2184,53.454164799999994,-113.5252887,0
136,53.45468813,-113.55754640000002,0
2189,53.49749314,-113.52041820000001,0
2190,53.49914418,-113.5450879,0
2191,53.48661841,-113.5440894,0
2194,53.50096985,-113.46779270000002,0
2195,53.47643804,-113.59104040000001,0
2196,53.48198664,-113.5820029,0
2204,53.47298593,-113.58646359999999,0
4254,53.45382971,-113.52493899999999,0
160,53.46848051,-113.57867350000001,0
178,53.47384301,-113.55164380000001,0
4276,53.45456327,-113.52509140000001,0
183,53.46337868,-113.60282140000001,0
188,53.46220918,-113.5656414,0
2237,53.47661456,-113.56943600000001,0
2239,53.47725876,-113.56225819999999,0
194,53.46839614,-113.59126429999999,0
195,53.46538185,-113.58588190000002,0
196,53.46430204,-113.5902915,0
2245,53.44683595,-113.5439631,0
2247,53.43956223,-113.53657609999999,0
2251,53.46169964,-113.6004013,0
4304,53.47717103,-113.552654,0
2256,53.4675247,-113.5769858,0
215,53.46814891,-113.57721310000001,0
2265,53.47864431,-113.59832549999999,0
4315,53.45927223,-113.59277809999999,0
224,53.46212668,-113.5552896,0
225,53.46236321,-113.5575748,0
230,53.44934292,-113.53448929999999,0
2297,53.47510099,-113.59106059999999,0
2298,53.474439399999994,-113.59025190000001,0
254,53.46240108,-113.55604209999998,0
2308,53.47177328,-113.5822122,0
260,53.46308305,-113.5650095,0
4357,53.46160218,-113.5773678,0
2310,53.46350824,-113.5230682,0
2314,53.48454129,-113.5777511,0
2317,53.47211298,-113.5944233,0
2324,53.46295301,-113.5607303,0
2325,53.48581362,-113.57854170000002,0
2326,53.48595967,-113.5772999,0
2340,53.46530473,-113.56146729999999,0
2342,53.48323867,-113.58043970000001,0
2343,53.48481358,-113.5796304,0
2348,53.46220311,-113.55879569999999,0
2360,53.43957961,-113.5401801,0
2361,53.50331082,-113.5661867,0
312,53.48748589,-113.5659146,0
315,53.44083244,-113.5338155,0
2364,53.45409074,-113.5937239,0
316,53.47059732,-113.5928699,0
2363,53.46367949,-113.5875267,0
2367,53.49829956,-113.56574779999998,0
2366,53.49819625,-113.5650572,0
2370,53.44282737,-113.54077790000001,0
2371,53.44535819,-113.54001640000001,0
2372,53.43984222,-113.53029550000001,0
336,53.48307766,-113.58590120000001,0
2387,53.45130565,-113.5304818,0
2403,53.46109208,-113.5943024,0
356,53.46059016,-113.4965017,0
4451,53.4549988,-113.57943130000001,0
2406,53.48328608,-113.5624498,0
2407,53.47416837,-113.6020612,0
2408,53.45719948,-113.5169395,0
361,53.44016414,-113.53188,0
4462,53.46158341,-113.50560060000001,0
2414,53.468187199999996,-113.59682,0
368,53.47134206,-113.5846554,0
2424,53.44765282,-113.53785220000002,0
2427,53.47205859,-113.58420659999999,0
2428,53.46677893,-113.57135320000002,0
2429,53.46816033,-113.56749690000001,0
2432,53.47729926,-113.58256680000001,0
2433,53.47831797,-113.58112369999999,0
2457,53.48675173,-113.57841090000002,0
412,53.49022116,-113.5499831,0
414,53.48047051,-113.53072220000001,0
417,53.46061429999999,-113.5758159,0
2472,53.49282801,-113.5238408,0
2473,53.4839836,-113.50290600000001,0
2474,53.48622953,-113.50945540000001,0
2478,53.47772887,-113.5337038,0
2479,53.47846112,-113.5376293,0
2486,53.46711652,-113.50360409999999,0
2487,53.48510629,-113.55498929999999,0
2494,53.46655639,-113.5144368,0
2495,53.47760857,-113.5095938,0
2501,53.48174907,-113.56506100000001,0
2502,53.47479387,-113.5516172,0
2506,53.47749859,-113.5070716,0
4558,53.48167949,-113.529867,0
464,53.4462491,-113.54256000000001,0
465,53.48280224,-113.5327217,0
2537,53.48655979,-113.55215020000001,0
2559,53.47994832,-113.51549490000001,0
512,53.47711035,-113.5043452,0
2567,53.48066572,-113.57292369999999,0
2568,53.45833655,-113.53256840000002,0
2569,53.45344329,-113.5175838,0
527,53.46672862,-113.5288315,0
529,53.467689799999995,-113.5293848,0
530,53.467867000000005,-113.53485049999999,0
2579,53.47741361,-113.57745800000001,0
2580,53.47629227,-113.5972993,0
4627,53.41148706,-113.48955729999999,0
2582,53.47371089,-113.5644043,0
2583,53.46113518,-113.55540570000001,0
2584,53.46088366,-113.55883429999999,0
4635,53.47162124,-113.5385166,0
539,53.47841391,-113.58253959999999,0
559,53.47916891,-113.57608119999999,0
2607,53.49698175,-113.5859687,0
2608,53.48776185,-113.5636818,0
562,53.48327856,-113.57368059999999,0
563,53.48233389,-113.5777663,0
564,53.48160024,-113.5860969,0
571,53.45870501,-113.6051601,0
2631,53.44751444,-113.51242179999998,0
602,53.47392437,-113.51280420000002,0
603,53.47212387,-113.50446389999999,0
604,53.471220200000005,-113.5001519,0
605,53.47097272,-113.5127803,0
2663,53.46168881,-113.59210630000001,0
4720,53.47508422,-113.5914466,0
2686,53.44592659,-113.5436499,0
2687,53.47339753,-113.574114,0
649,53.48532079,-113.51767269999999,0
653,53.47857729999999,-113.5604946,0
2718,53.46203698,-113.50051380000001,0
2726,53.48066674,-113.5657028,0
2742,53.47014473,-113.59503000000001,0
2745,53.46702377,-113.59425139999999,0
699,53.46551089,-113.5367304,0
2779,53.46700039,-113.52825459999998,0
744,53.44692679,-113.5408466,0
2803,53.46652412,-113.52649009999999,0
2806,53.46002601,-113.59412659999998,0
2807,53.46220687,-113.5919004,0
2823,53.46227281,-113.53901540000001,0
2824,53.48144791,-113.5497135,0
2825,53.46489994,-113.58667460000001,0
791,53.46791503,-113.5234824,0
792,53.47190747,-113.5323027,0
2842,53.47364825,-113.5249193,0
2847,53.47133699,-113.5957064,0
813,53.46592525,-113.56589840000002,0
814,53.47994354,-113.52902320000001,0
821,53.48126055,-113.53599309999998,0
822,53.43670696,-113.5383577,0
2871,53.47280759,-113.50692,0
823,53.43827893,-113.5383332,0
861,53.44216316,-113.5329408,0
2916,53.45812119,-113.60008140000001,0
2920,53.46388565,-113.5056304,0
2922,53.49143387,-113.5172225,0
882,53.46162335,-113.5889866,0
2937,53.4761517,-113.5656255,0
2938,53.47878055,-113.56551340000001,0
897,53.47438396,-113.52003909999998,0
898,53.47547724,-113.5201007,0
981890,53.50133909,-113.5795463,0
2953,53.45468100000001,-113.5561072,0
909,53.46483969,-113.5767544,0
2971,53.45462328,-113.53911770000002,0
2972,53.46336809,-113.5176874,0
2978,53.48440534,-113.5305618,0
931,53.43810876,-113.54185290000001,0
930,53.49932034,-113.5778442,0
2985,53.49343282,-113.46709059999999,0
938,53.47677191,-113.56253159999999,0
2990,53.44415821,-113.5401771,0
2992,53.48911263,-113.52236429999999,0
2996,53.49806329,-113.46749240000001,0
2997,53.49160219,-113.56931680000001,0
950,53.46343815,-113.56308659999999,0
2998,53.49441798,-113.5738646,0
952,53.47065967,-113.5321777,0
3007,53.46205005,-113.4981424,0
3008,53.45443713,-113.5547446,0
970,53.44154273,-113.53984209999999,0
974,53.46250399,-113.590147,0
982,53.46164111,-113.56661799999999,0
984,53.48343497,-113.57911100000001,0
997,53.44762469,-113.51256409999998,0
3049,53.46476539,-113.58405490000001,0
1016,53.48113812,-113.5074372,0
1031,53.46971452,-113.5573051,0
1072,53.48827938,-113.5304618,0
3130,53.46737894,-113.5853184,0
1095,53.48006893,-113.49437490000001,0
1096,53.48076577,-113.4940646,0
1101,53.48322226,-113.54842020000001,0
1114,53.47870935,-113.539798,0
1115,53.4606329,-113.5138247,0
3191,53.4856364,-113.56926270000001,0
1149,53.471574200000006,-113.49566540000001,0
1156,53.46111483,-113.5347027,0
1157,53.46931683,-113.55410719999999,0
1179,53.46324246,-113.59289840000002,0
1183,53.462897999999996,-113.54407340000002,0
1189,53.45758454,-113.51567649999998,0
3249,53.44793404,-113.516024,0
1204,53.4841667,-113.563694,0
1211,53.49742958,-113.57420929999999,0
1220,53.47991266,-113.51299579999998,0
1221,53.480784,-113.51133940000001,0
1223,53.48514063,-113.52106979999999,0
1224,53.48622188,-113.5223581,0
5321,53.40736169,-113.47418459999999,0
1237,53.47453048,-113.582503,0
1238,53.47456015,-113.59396100000001,0
1239,53.44033979999999,-113.526141,0
1240,53.48467129,-113.56379799999999,0
1243,53.44115791,-113.5357926,0
1244,53.44007421,-113.53564270000001,0
1245,53.47616867,-113.5963977,0
1248,53.47916235,-113.5911537,0
1249,53.4714405,-113.4970968,0
1255,53.46692412,-113.4987791,0
1262,53.46828313,-113.52721709999999,0
1263,53.47826259,-113.59305149999999,0
1279,53.45901085,-113.54184620000001,0
1287,53.49480108,-113.52034920000001,0
1288,53.47676193,-113.5240764,0
1289,53.45539654,-113.52565919999999,0
3339,53.46973826,-113.51705659999999,0
3342,53.45024398,-113.5121273,0
1295,53.46940209,-113.5677741,0
1296,53.46911913,-113.5673905,0
1297,53.46914301,-113.56924690000001,0
3350,53.44303232,-113.51769469999999,0
3361,53.46667044,-113.52163190000002,0
3370,53.46521178,-113.5254291,0
3371,53.46406003,-113.5171216,0
3372,53.46515908,-113.5183826,0
3378,53.45546943,-113.5804006,0
1338,53.49525905,-113.58264790000001,0
1339,53.46117129,-113.57381799999999,0
3390,53.48819326,-113.5791453,0
1349,53.45444878,-113.5178155,0
3406,53.47013573,-113.5747348,0
1370,53.48841224,-113.5109577,0
1374,53.49945764,-113.5424794,0
1375,53.50203247,-113.54399140000001,0
1376,53.50095369,-113.54789070000001,0
1377,53.499743099999996,-113.55183740000001,0
1378,53.49871312,-113.5507144,0
1386,53.44169228,-113.5294923,0
1390,53.4620272,-113.5175962,0
1391,53.46415942,-113.52630819999999,0
1392,53.4659225,-113.53096550000001,0
1393,53.46523485,-113.52012490000001,0
3441,53.46692751,-113.594652,0
1394,53.49795571,-113.5683269,0
1399,53.45539761,-113.59295139999999,0
1400,53.47068194,-113.57038179999999,0
3450,53.45401322,-113.6026695,0
1404,53.44504895,-113.52929420000001,0
1405,53.44625399,-113.5286449,0
1416,53.47622791,-113.5665807,0
1417,53.43788843,-113.5378652,0
1421,53.47076357,-113.57188570000001,0
1427,53.48265597,-113.5044001,0
1428,53.49172111,-113.5198699,0
1429,53.48859595,-113.52000840000001,0
1430,53.48859852,-113.5256909,0
1431,53.49092275,-113.5250283,0
1432,53.49487381,-113.5271346,0
1433,53.49257115,-113.5289358,0
1434,53.48980738,-113.548294,0
1437,53.48613255,-113.5251761,0
1441,53.4769466,-113.5457202,0
1446,53.49314887,-113.4595989,0
3499,53.49231021,-113.57546119999999,0
3514,53.47368916,-113.60168700000001,0
1467,53.48795973,-113.49516399999999,0
3515,53.46870425,-113.6020197,0
3540,53.47417407,-113.5851729,0
1494,53.45891079,-113.5467675,0
1496,53.46844105,-113.57973249999999,0
3545,53.46205326,-113.5278072,0
7649,53.48884512,-113.5305284,0
3560,53.47425949,-113.54067930000001,0
1520,53.46309019,-113.5598561,0
3570,53.46179182,-113.5376613,0
1529,53.45580275,-113.5182087,0
1530,53.4558456,-113.5299861,0
1531,53.45726571,-113.53835590000001,0
1540,53.46567019,-113.5226015,0
1541,53.44390089,-113.54133859999999,0
1542,53.44889499999999,-113.54289170000001,0
1546,53.46206398,-113.51405259999999,0
1547,53.47341421,-113.5000821,0
1549,53.47091629999999,-113.59632990000001,0
1552,53.46921579999999,-113.5994337,0
1553,53.46838843,-113.5994591,0
1557,53.501082700000005,-113.5715272,0
1558,53.4976314,-113.57964,0
1566,53.45079412,-113.52308020000001,0
1569,53.46114379,-113.5376483,0
1571,53.44927413,-113.52737079999999,0
1575,53.47870978,-113.5631236,0
1579,53.48994103,-113.50779140000002,0
1580,53.48511298,-113.54672839999999,0
1581,53.4936904,-113.5210463,0
1582,53.47573451,-113.51172509999999,0
1584,53.47877903,-113.50925249999999,0
1585,53.47993615,-113.51132460000001,0
3637,53.46669734,-113.57861580000001,0
3685,53.40804985,-113.5015587,0
3692,53.49557322,-113.4675715,0
1656,53.47011655,-113.5111887,0
1663,53.46118388,-113.51825819999999,0
1668,53.46077611,-113.5398996,0
1675,53.47011375,-113.51423989999999,0
1676,53.44515428,-113.53541799999999,0
1677,53.47829628,-113.5980875,0
1682,53.44306248,-113.53477099999999,0
1687,53.48947319,-113.56408449999999,0
1688,53.4948405,-113.56823390000001,0
1689,53.4904304,-113.5676581,0
1690,53.46602925,-113.5083733,0
1691,53.49349408,-113.5673686,0
1692,53.49586336,-113.5729885,0
1693,53.47007117,-113.52536200000002,0
1695,53.47216984,-113.5694037,0
1706,53.4596741,-113.5393229,0
1707,53.45999034,-113.54093130000001,0
1708,53.45964155,-113.54366529999999,0
1720,53.48557887,-113.5685092,0
1743,53.47738113,-113.571344,0
3802,53.49270487,-113.5802592,0
1756,53.45743493,-113.60509009999998,0
1757,53.47366247,-113.58920259999998,0
1761,53.46685282,-113.51155530000001,0
1762,53.46640219,-113.50943410000001,0
7913,53.39985703,-113.51604640000002,0
7914,53.40284942,-113.51308970000001,0
3834,53.48084019,-113.497346,0
1788,53.49467404,-113.5709562,0
1794,53.48562893,-113.54149070000001,0
1804,53.46852206,-113.590567,0
1805,53.47225564,-113.57825940000001,0
3857,53.45868831,-113.5819213,0
1816,53.48626437,-113.5731096,0
1831,53.50102494,-113.5538245,0
3884,53.46659429,-113.57476880000002,0
1846,53.46710897,-113.5047182,0
1858,53.49595387,-113.57862779999999,0
1859,53.49371434,-113.5635699,0
1862,53.47468751,-113.5707626,0
1864,53.47926415,-113.5902821,0
1866,53.48692327,-113.5010953,0
1871,53.47207201,-113.5684263,0
1885,53.46501407,-113.5032784,0
1886,53.46393533,-113.51567309999999,0
1893,53.52760479999999,-113.5470072,0
10086,53.48464033,-113.54091059999999,0
3942,53.46441683,-113.5707061,0
1904,53.47695007,-113.51698700000001,0
1913,53.44234378,-113.5295106,0
10109,53.48836838,-113.54091470000002,0
1917,53.46096072,-113.59690049999999,0
1919,53.50413648,-113.5460037,0
1918,53.495546999999995,-113.5713402,0
1920,53.50201708,-113.5719091,0
8080,53.3996218,-113.53081359999999,0
1938,53.48114281,-113.5210328,0
1939,53.46393601,-113.5571622,0
1941,53.46451026,-113.5020966,0
1951,53.44964893,-113.5379768,0
1952,53.44894531,-113.5405952,0
1956,53.46157156,-113.54229879999998,0
1957,53.45679524,-113.54267220000001,0
8102,53.45491316,-113.55261270000001,0
1959,53.46314759,-113.5547361,0
1958,53.4616238,-113.5543173,0
1960,53.47997296,-113.5906176,0
1964,53.49148107,-113.49555,0
1969,53.46701065,-113.537944,0
1974,53.47576794,-113.595676,0
1978,53.45830869,-113.51632839999999,0
1985,53.47743709,-113.51338559999999,0
1995,53.45735429999999,-113.5977432,0
1997,53.46689691,-113.50682979999999,0
2001,53.45977218,-113.51152749999999,0
2004,53.46393297,-113.5148367,0
2008,53.49878431,-113.5703439,0
2009,53.49623875,-113.58779170000001,0
2010,53.47519253,-113.5884696,0
2031,53.45224164,-113.6013752,0
2034,53.49612748,-113.5765269,0
2035,53.47229349,-113.59299329999999,0
4087,53.48984947,-113.46703159999998,0
