pk_site_id,latitude,longitude,yard,distance
69,53.51814912,-113.4199973,4,3499.5
103,53.51147159,-113.4623148,4,914.6
106,53.51372262,-113.48130079999999,4,1504.3
107,53.51014172,-113.4792693,4,1854.3
132,53.51875284,-113.4242616,4,3729.6
147,53.51487708,-113.44290690000001,4,2471.5
270,53.52290707,-113.4354382,4,2847.9
279,53.52016614,-113.4404997,4,2326.9
280,53.52033983,-113.44271540000001,4,2366.5
382,53.52806581,-113.47073219999999,4,1659.2
385,53.53191903,-113.4726713,4,2960
386,53.52545463,-113.46194540000002,4,1605.5
510,53.48811433,-113.4580655,4,5300.5
511,53.53669821,-113.46189820000001,4,3388.3
535,53.53453969,-113.46702040000001,4,3088.5
542,53.519794299999994,-113.4742138,4,1038.1
561,53.51932181,-113.4397248,4,2398.7
566,53.48986304,-113.448793,4,4724
596,53.49914123,-113.4180896,4,5219.9
629,53.482496700000006,-113.4736304,4,6202.6
643,53.51372686,-113.44100120000002,4,2504
694,53.5228885,-113.4517041,4,1952.3
735,53.50944504,-113.46676070000001,4,2074.8
809,53.52644386,-113.45410919999999,4,2415.4
825,53.51348259,-113.47519399999999,4,1402.6
841,53.52354243,-113.4443855,4,2466.9
881,53.50248620000001,-113.45885,4,3307.7
947,53.50190593,-113.4560504,4,3108.5
985,53.501875600000005,-113.4687706,4,3782.6
995,53.52440917,-113.4519433,4,2069
1014,53.51714175,-113.47521850000001,4,800.4
1023,53.52325774,-113.4799824,4,1573.1
1139,53.50890304,-113.4480183,4,2229.7
1140,53.510901000000004,-113.44287879999999,4,2295.5
1174,53.50075934,-113.4611437,4,3109.2
1175,53.50386697,-113.4623646,4,3583.5
1176,53.51111583,-113.46078529999998,4,1120.4
1187,53.502250399999994,-113.4615795,4,3159.5
1193,53.49922599,-113.45255470000001,4,3973.2
1193,53.49922599,-113.45255470000001,4,3973.2
1253,53.49184378,-113.46000090000001,4,4159.3
1342,53.49972867,-113.45711899999999,4,3160.8
1380,53.50441537,-113.4562932,4,3442
1446,53.49314887,-113.4595989,4,3974.3
1456,53.52541651,-113.44071100000001,4,3227.2
1477,53.52333467,-113.4198854,4,4442.3
1583,53.50808986,-113.4573469,4,1492.3
1622,53.48954662,-113.45473799999999,4,4153.2
1652,53.50784204,-113.4410902,4,3069.7
1654,53.49982618,-113.46237659999998,4,3157.6
1659,53.53674607,-113.4682492,4,3604.4
1674,53.50483238,-113.4689413,4,2388.2
1767,53.48551602,-113.45204199999999,4,4623.5
1825,53.51228056,-113.46825630000001,4,984
1853,53.51107684,-113.4796675,4,1742.3
1854,53.51080393,-113.44925020000001,4,1807.8
1867,53.50596204,-113.46371429999999,4,3742.5
1868,53.50873972,-113.46091159999999,4,1264.5
1869,53.5055051,-113.4487169,4,2806.9
1870,53.50977333,-113.4432727,4,2527.7
1877,53.50650567,-113.45070859999998,4,2380.2
1894,53.53897702,-113.44554550000001,4,4253.8
1905,53.48513048,-113.46638229999999,4,5075.9
2039,53.51035033,-113.45716000000002,4,1423.8
2062,53.50510071,-113.45424129999999,4,2320.7
2085,53.50013044,-113.4623617,4,3186.2
2193,53.52148967,-113.4750752,4,1073.2
2194,53.50096985,-113.46779270000002,4,3828.8
2217,53.5254877,-113.4743503,4,1524.3
2223,53.49481141,-113.4566503,4,3779.9
2341,53.51656641,-113.4527718,4,1084.7
2386,53.5388941,-113.44365490000001,4,4325.4
2409,53.50761008,-113.4843723,4,2569.7
2409,53.50761008,-113.4843723,4,2569.7
2410,53.51560934,-113.4812774,4,1284.7
2459,53.50201544,-113.46585479999999,4,3422.5
2551,53.52415337,-113.42072009999998,4,4444.1
2552,53.52490134,-113.42157759999998,4,4353.8
2610,53.53179874,-113.47972549999999,4,3472.3
2642,53.5028667,-113.34852839999999,4,11357.6
2645,53.47831237,-113.4657453,4,5833.8
2753,53.50219799,-113.4796743,4,3613.2
2860,53.51080315,-113.4810636,4,1802.4
2985,53.49343282,-113.46709059999999,4,4150.6
2996,53.49806329,-113.46749240000001,4,4577.4
3254,53.52817987,-113.44650729999998,4,2861.5
3255,53.52735997,-113.44543590000002,4,2842
3315,53.52848934,-113.4609639,4,2314.2
3333,53.49120185,-113.44263390000002,4,4487
3334,53.5273496,-113.4609268,4,2158.3
3335,53.52774413,-113.4636175,4,2197.9
3359,53.49844720000001,-113.4671808,4,3592.9
3360,53.515786600000006,-113.4302362,4,2932.4
3393,53.53302012,-113.45369540000002,4,2877.5
3394,53.53090151,-113.45578229999998,4,2713.7
3395,53.5290003,-113.45469170000001,4,2442
3396,53.5259993,-113.45496599999998,4,2096.3
3411,53.52784101,-113.4509571,4,2858
3487,53.52895628,-113.45197240000002,4,2492
3504,53.52502939,-113.44762040000002,4,2503.8
3506,53.52740586,-113.43628020000001,4,3540
3561,53.53510922,-113.4516118,4,3209.3
3588,53.48802856,-113.47897959999999,4,5160
3618,53.53239598,-113.4645996,4,3153.7
3662,53.52694479,-113.4446476,4,2861.7
3692,53.49557322,-113.4675715,4,4300.6
3832,53.53682393,-113.4549801,4,3191.4
3852,53.50452452,-113.4780294,4,2294.7
3958,53.53927859,-113.4508733,4,4014.4
3974,53.50154929,-113.3675824,4,9922.4
3999,53.51417362,-113.45671899999999,4,1071.7
4010,53.52534617,-113.4499205,4,2448.1
4014,53.52499106,-113.4574639,4,1889.1
4035,53.51411138,-113.4595635,4,732.6
4042,53.48437702,-113.4611748,4,5123
4043,53.53148454,-113.4508368,4,2744.2
4087,53.48984947,-113.46703159999998,4,4549.2
4123,53.5227385,-113.4689726,4,1023.7
4124,53.52360512,-113.4545367,4,2105.6
4125,53.52260208,-113.4461716,4,2368.4
4126,53.52239547,-113.44813559999999,4,2115.2
4127,53.52033114,-113.4468263,4,2026.6
4170,53.48827764,-113.4830461,4,4890
4198,53.53804707,-113.44705859999999,4,3880.7
4255,53.52390136,-113.45679809999999,4,1786.9
4256,53.52365568,-113.4570992,4,1595.8
4262,53.52051234,-113.4190959,4,4596.5
4282,53.51772153,-113.47095459999998,4,343.9
4308,53.51979663,-113.4305139,4,3216.2
4375,53.50272654,-113.4859926,4,3096.7
4376,53.54609059,-113.4590477,4,4141.1
4394,53.52195602,-113.4432593,4,2381.8
4398,53.50519941,-113.36516409999999,4,9811.4
4439,53.5179328,-113.4379913,4,2272.2
4450,53.51408458,-113.43241450000001,4,2976.7
4456,53.54312455,-113.4515283,4,4155.8
4490,53.49471468,-113.42821979999998,4,5358.3
4493,53.51483706,-113.4433172,4,2467.2
4521,53.51548244,-113.4701389,4,388
4547,53.52192105,-113.4428855,4,2664.2
4550,53.51408458,-113.43241450000001,4,2976.7
4576,53.53142729,-113.43727890000001,4,3885.5
4601,53.52224743,-113.4420834,4,2658
4603,53.52220826,-113.4305105,4,3238.8
4609,53.5307297,-113.46209609999998,4,2800.5
4616,53.53934181,-113.4556598,4,3759.4
4636,53.49657781,-113.4349257,4,4920.9
4642,53.51287527,-113.4859507,4,1967.6
4652,53.51742877,-113.4378236,4,2473.4
4653,53.53692936,-113.4706388,4,4230.2
4655,53.53852272,-113.47127169999999,4,4155.5
4662,53.52273839,-113.45926770000001,4,1466.5
4663,53.53129527,-113.47124769999999,4,2900
4681,53.49329794,-113.4566562,4,3777.9
4684,53.53412676,-113.43930859999999,4,4380.3
5805,53.52704208,-113.43040220000002,4,3831
6306,53.49648373,-113.3974274,4,7279.6
984376,53.54555797,-113.4585835,4,4138.6
991193,53.49951539,-113.454678,4,4030.5
992409,53.50758459,-113.4842158,4,2771.6
994124,53.52354317,-113.453953,4,2098.1
994376,53.54555797,-113.4585835,4,4138.6
