pk_site_id,latitude,longitude,yard,distance
2562,53.45941169,-113.41890579999999,0
3596,53.47761346,-113.4671558,0
2577,53.45897563,-113.4631064,0
2581,53.45876841,-113.45074199999999,0
4630,53.45839076,-113.5047456,0
4122,53.47978351,-113.38476979999999,0
4636,53.49657781,-113.4349257,0
4644,53.428921100000004,-113.4718033,0
2085,53.50013044,-113.4623617,0
4650,53.45546733,-113.41442990000002,0
1583,53.50808986,-113.4573469,0
4148,53.44387551,-113.4998194,0
4151,53.44370508,-113.5042992,0
2106,53.46126963,-113.49184369999999,0
4157,53.45573299,-113.4345074,0
3646,53.46235135,-113.4255351,0
3647,53.45759036,-113.4246402,0
4674,53.42917856,-113.43155719999999,0
2626,53.44063989,-113.4187295,0
4165,53.47135276,-113.37876909999999,0
2632,53.47026464,-113.4558261,0
4682,53.46152714,-113.37581570000002,0
4683,53.46152891,-113.3794979,0
1612,53.4792581,-113.4489091,0
4685,53.42394909,-113.44924920000001,0
2640,53.47847993,-113.38117790000001,0
4177,53.47576909,-113.4545088,0
3666,53.43105561,-113.4669521,0
3667,53.42618572,-113.466953,0
4689,53.41468495,-113.4813885,0
597,53.48042908,-113.4525123,0
596,53.49914123,-113.4180896,0
1623,53.45485526,-113.4033495,0
3673,53.48573777,-113.4314986,0
3674,53.47511957,-113.41474140000001,0
3163,53.46602360000001,-113.4753085,0
4186,53.48343111,-113.40725790000002,0
8287,53.44606634,-113.38580420000001,0
4708,53.42376245,-113.4408112,0
4709,53.42802726,-113.4296006,0
2662,53.46988154,-113.4269172,0
6250,53.41169516,-113.4724155,0
4204,53.46524425,-113.42821459999999,0
2156,53.44317506,-113.448125,0
1135,53.46996222,-113.38484509999999,0
4725,53.41780384,-113.451045,0
3705,53.42400853,-113.4711774,0
3706,53.424915000000006,-113.4765264,0
2683,53.45531632,-113.4657287,0
3196,53.45344629,-113.4413081,0
4221,53.46307087,-113.4353435,0
3707,53.42474573,-113.45970290000001,0
971903,53.45599386,-113.4401192,0
128,53.4660411,-113.47283290000001,0
2174,53.41301857,-113.4962645,0
642,53.47865242,-113.37917479999999,0
6286,53.45051879,-113.3818104,0
1167,53.48079517,-113.4552256,0
2705,53.46433258,-113.41237959999998,0
2194,53.50096985,-113.46779270000002,0
665,53.44449059,-113.4921947,0
991903,53.45599386,-113.4401192,0
4259,53.47452958,-113.4056587,0
4260,53.459893900000004,-113.40752009999999,0
1193,53.49922599,-113.45255470000001,0
2731,53.46408987,-113.41913829999999,0
4267,53.46154834,-113.4005705,0
6827,53.41464618,-113.4624041,0
2233,53.46495912,-113.4432916,0
8382,53.45902955,-113.3636584,0
6848,53.41783449,-113.4492125,0
3780,53.47769273,-113.44120819999999,0
4294,53.46097016,-113.41415690000001,0
5321,53.40736169,-113.47418459999999,0
2250,53.46914599,-113.42334640000001,0
5323,53.40983397,-113.4709706,0
3276,53.45966866,-113.42055230000001,0
2255,53.45371070000001,-113.42858390000002,0
207,53.424986700000005,-113.4648967,0
5845,53.41759985,-113.442479,0
3287,53.44112172,-113.4182118,0
3800,53.41708962,-113.46698390000002,0
2270,53.47390517,-113.3689558,0
4328,53.45529188,-113.4558291,0
7913,53.39985703,-113.51604640000002,0
4331,53.42781177,-113.44932,0
3820,53.47633057,-113.3704977,0
3313,53.42007251,-113.46397240000002,0
1778,53.44264997,-113.4290041,0
4341,53.47838217,-113.4062629,0
4344,53.45868909,-113.39412150000001,0
8442,53.40568068,-113.47285490000002,0
8443,53.40568068,-113.47285490000002,0
3846,53.47997797,-113.4441735,0
7430,53.44484975,-113.39000300000001,0
777,53.44096431,-113.3942473,0
4362,53.47265947,-113.4182492,0
4365,53.46504899,-113.45928980000001,0
787,53.42230666,-113.46684909999999,0
789,53.45895751,-113.45680449999999,0
1814,53.48249405,-113.38069650000001,0
3864,53.44307737,-113.5081567,0
1823,53.45268009,-113.4471929,0
3359,53.49844720000001,-113.4671808,0
1313,53.47213596,-113.3919408,0
2339,53.44391005,-113.4070047,0
3368,53.428254700000004,-113.4648048,0
3883,53.46287218,-113.43488459999999,0
1837,53.45169814,-113.46323980000001,0
3377,53.44155176,-113.40520890000002,0
1849,53.46649685,-113.38542779999999,0
3897,53.4739436,-113.38115230000001,0
1854,53.51080393,-113.44925020000001,0
4415,53.45963731,-113.38172140000002,0
3907,53.46893081,-113.3939601,0
3399,53.44216099,-113.43850060000001,0
3400,53.44818909,-113.4285355,0
4423,53.44656424,-113.4479371,0
3402,53.45767318,-113.4449076,0
4427,53.46125892,-113.4432301,0
4428,53.45748528,-113.4011287,0
1869,53.5055051,-113.4487169,0
1870,53.50977333,-113.4432727,0
3921,53.47947008,-113.44126740000002,0
1877,53.50650567,-113.45070859999998,0
3416,53.44906998,-113.43540279999999,0
10074,53.4588433,-113.3685124,0
4443,53.45879988,-113.475642,0
10075,53.46065597,-113.3685558,0
2913,53.45914321,-113.4262274,0
2914,53.45858925,-113.43950600000001,0
2915,53.45856711,-113.4369712,0
1889,53.46193542,-113.46709809999999,0
1380,53.50441537,-113.4562932,0
3432,53.48054226,-113.417776,0
2921,53.45907884,-113.3992562,0
3434,53.42943466,-113.45815590000001,0
961903,53.45599386,-113.4401192,0
1903,53.45575162,-113.44027790000001,0
3951,53.4802683,-113.39396140000001,0
1905,53.48513048,-113.46638229999999,0
3955,53.46962439,-113.38126090000002,0
4471,53.46908585,-113.36064429999999,0
4482,53.44998974,-113.41932369999999,0
4483,53.46759607,-113.41811329999999,0
4484,53.45991271,-113.4365959,0
4485,53.46980168,-113.4376774,0
3977,53.4731319,-113.41602649999999,0
2955,53.461923600000006,-113.465737,0
3468,53.44972772,-113.5037655,0
981903,53.45599386,-113.4401192,0
2448,53.44899765,-113.44191599999999,0
3472,53.44073551,-113.44013229999999,0
2970,53.48289789999999,-113.4211068,0
2459,53.50201544,-113.46585479999999,0
3996,53.47100097,-113.4468918,0
2467,53.465259700000004,-113.3893251,0
3492,53.45401563,-113.3968153,0
2469,53.46979343,-113.467082,0
4517,53.40280072,-113.51809140000002,0
2985,53.49343282,-113.46709059999999,0
1450,53.46912852,-113.4624634,0
4013,53.42720319,-113.44789899999999,0
2991,53.40868058,-113.502772,0
4529,53.42624096,-113.4829633,0
2482,53.48002448,-113.4618142,0
4531,53.429125,-113.44044009999999,0
4532,53.46712332,-113.39234920000001,0
4533,53.47641410000001,-113.3685041,0
947,53.50190593,-113.4560504,0
4538,53.47530033,-113.427371,0
4539,53.465244999999996,-113.37853159999999,0
2492,53.45955007,-113.40229070000001,0
3517,53.46363994,-113.40018090000001,0
1980,53.44893668,-113.39412820000001,0
4543,53.42636695,-113.4405375,0
4540,53.46289366,-113.3914545,0
5565,53.46643817,-113.37515249999998,0
4034,53.47302522,-113.4155722,0
9146,53.489432900000004,-113.39201240000001,0
8645,53.44587489,-113.4974082,0
1990,53.46759644,-113.5038615,0
2503,53.47648911,-113.45327579999999,0
1991,53.46164208,-113.4886324,0
3527,53.45432673,-113.50318190000002,0
4554,53.42793174,-113.44279590000001,0
8648,53.44567646,-113.5040594,0
4045,53.44749477,-113.4080485,0
976,53.45366325,-113.3962258,0
4048,53.44873644,-113.4006682,0
979,53.45526058,-113.448311,0
468,53.43896847,-113.40710359999999,0
1493,53.43871656,-113.4530145,0
3542,53.46988496,-113.438231,0
2006,53.45345882,-113.407104,0
991193,53.49951539,-113.454678,0
2523,53.42391208,-113.46692340000001,0
4572,53.44613593,-113.45762490000001,0
3041,53.48179332,-113.4036836,0
2018,53.46064037,-113.4935366,0
996,53.47794898,-113.42073059999998,0
4581,53.41291999,-113.47750090000001,0
3559,53.47481221,-113.4007496,0
4081,53.45243671,-113.45410109999999,0
4082,53.44377569,-113.41872859999998,0
4596,53.4577281,-113.501628,0
4087,53.48984947,-113.46703159999998,0
