pk_site_id,latitude,longitude,yard,distance
112,53.52256414,-113.507368,2,405.1
466,53.50330887,-113.5227047,2,3681.3
476,53.5213299,-113.49756000000001,2,734.7
684,53.50213359,-113.5197294,2,3491.9
685,53.49938942,-113.51345740000001,2,3358.2
690,53.52927571,-113.5347376,2,2967.4
691,53.52514221,-113.53594950000002,2,2528.3
718,53.50285263,-113.5165057,2,3178.5
719,53.50634093,-113.51835109999999,2,2890.2
721,53.504839399999994,-113.51576299999999,2,2893.9
752,53.49984532,-113.51366110000001,2,3356.2
807,53.50627725,-113.53650549999999,2,3950.6
826,53.52278344,-113.495112,2,814.3
827,53.51638268,-113.5217269,2,1937.9
883,53.53870576,-113.4795739,2,3992.7
926,53.52461864,-113.4895913,2,1194.2
1021,53.50132503,-113.5031567,2,2483.9
1022,53.52588522,-113.5158166,2,1665.2
1095,53.48006893,-113.49437490000001,2,5458.2
1096,53.48076577,-113.4940646,2,5437.8
1107,53.51654634,-113.5226287,2,2857.5
1108,53.52454676,-113.512922,2,992.2
1109,53.52178477,-113.5371705,2,2627.1
1111,53.49914286,-113.49836090000002,2,3407.7
1129,53.48053841,-113.4970369,2,5112.5
1151,53.50271269,-113.5182882,2,3214.2
1168,53.51263052,-113.5349077,2,3270.3
1169,53.50870261,-113.53440069999999,2,3638.6
1186,53.52396898,-113.5027247,2,532.3
1225,53.50045846,-113.5012432,2,2907.1
1226,53.52753307,-113.482624,2,1857.9
1228,53.52571401,-113.4889881,2,1261.9
1287,53.49480108,-113.52034920000001,2,4375
1293,53.51531289,-113.53296770000001,2,3186.7
1294,53.50990058,-113.51980060000001,2,2616
1366,53.51515315,-113.53010379999999,2,2634.1
1367,53.50800915,-113.53819540000002,2,3948
1369,53.4975966,-113.5025779,2,3409
1371,53.49448684,-113.50527340000002,2,3285.5
1372,53.49548924,-113.5045618,2,3133
1373,53.49717844,-113.51264979999999,2,3548.3
1427,53.48265597,-113.5044001,2,4779.8
1442,53.51404644,-113.51040900000001,2,1706.7
1467,53.48795973,-113.49516399999999,2,4863.4
1491,53.52052255,-113.53463490000001,2,2473.2
1492,53.51662569,-113.51063229999998,2,1405.3
1505,53.50681628,-113.51335949999999,2,2540.5
1506,53.51153414,-113.51927079999999,2,2335.6
1507,53.51527628,-113.5200636,2,2039.6
1508,53.52136465,-113.49695619999999,2,637.5
1513,53.51029192,-113.5174088,2,2478.8
1514,53.49465765,-113.51061750000001,2,3789.5
1515,53.490123399999995,-113.50072240000001,2,4007.9
1516,53.49180881,-113.50070649999999,2,3809.5
1517,53.5012907,-113.49866840000001,2,3300.4
1518,53.50445888,-113.49981480000001,2,2434.1
1579,53.48994103,-113.50779140000002,2,4367.5
1586,53.51914012,-113.53460929999999,2,2968.9
1589,53.51881167,-113.4962756,2,1127
1590,53.52814906,-113.50525959999999,2,3589.4
1610,53.49206297,-113.50448929999999,2,3514.1
1619,53.50985621,-113.53491090000001,2,3494.1
1621,53.52275463,-113.49881509999999,2,415.5
1629,53.52582983,-113.5326362,2,2402.2
1630,53.52742809,-113.5363244,2,2690.8
1633,53.51258752,-113.50447790000001,2,1233.7
1634,53.51424547,-113.5355121,2,3210.9
1635,53.51250531,-113.5287588,2,2917.8
1636,53.50966421,-113.5083314,2,1923.9
1637,53.5080913,-113.501746,2,1933.9
1638,53.52187389,-113.53471929999999,2,2361.2
1639,53.5070304,-113.53702,2,3985.2
1710,53.53221461,-113.5348299,2,2997
1748,53.50743721,-113.49957909999999,2,2100.6
1769,53.525118299999995,-113.49180439999999,2,1776.9
1789,53.50435615,-113.53654109999998,2,4066.4
1791,53.52004776,-113.53872949999999,2,3189.6
1861,53.50760849,-113.535983,2,3692.5
1866,53.48692327,-113.5010953,2,4363.3
1893,53.52760479999999,-113.5470072,2,4212.8
1898,53.49905634,-113.51192979999999,2,3290.1
1964,53.49148107,-113.49555,2,5141.4
2053,53.52197042,-113.50176699999999,2,305.9
2055,53.52702145,-113.51793559999999,2,1556
2073,53.50009282,-113.48985929999999,2,3480.1
2082,53.50604401,-113.5386693,2,4246.5
2134,53.571041,-113.54204070000002,2,7747.3
2157,53.52669682,-113.50841170000001,2,3722.8
2179,53.52463416,-113.50692450000001,2,548.1
2183,53.48935209,-113.49904540000001,2,4268.1
2189,53.49749314,-113.52041820000001,2,4709.9
2249,53.49497705,-113.50207069999999,2,3566.7
2260,53.5336275,-113.48569979999999,2,2210.2
2261,53.53647744,-113.48166909999999,2,4201.4
2266,53.525110600000005,-113.4993747,2,3577.9
2373,53.52043525,-113.4947621,2,887
2390,53.53603562,-113.47804280000001,2,4170.6
2391,53.53403064,-113.479064,2,4358.8
2411,53.52135918,-113.48932279999998,2,1940
2412,53.52130133,-113.49340179999999,2,1608.7
2425,53.52087881,-113.4967304,2,733.7
2430,53.52334735,-113.50153859999999,2,458.9
2434,53.50944549,-113.4993593,2,1944.6
2460,53.50885546,-113.5016621,2,1882.4
2473,53.4839836,-113.50290600000001,2,4443.7
2475,53.51032729999999,-113.52490390000001,2,2956.1
2481,53.51578395,-113.5376202,2,3234.1
2496,53.48478352,-113.4991672,2,4849.9
2563,53.533306700000004,-113.5356181,2,3143.8
2599,53.52890203,-113.4821231,2,1849.8
2604,53.52840712,-113.51617590000001,2,4292.8
2698,53.52324627,-113.53525590000001,2,2313.5
2717,53.52378960000001,-113.50841499999999,2,378.3
2762,53.52214433,-113.49341100000001,2,1469
2812,53.52423438,-113.53598840000001,2,2432.3
2813,53.51978075,-113.50197040000002,2,540.4
2814,53.52240548,-113.51361299999999,2,1205.3
2854,53.51359696,-113.50490729999999,2,1122.1
2859,53.49963223,-113.5060312,2,2831.7
2922,53.49143387,-113.5172225,2,4558.5
2928,53.50048202,-113.51237009999998,2,3246.5
2988,53.49858577,-113.51582659999998,2,3755.6
3070,53.512794299999996,-113.5022969,2,1222.1
3081,53.5096331,-113.52598459999999,2,3329.6
3267,53.50398302,-113.51786200000001,2,3043.9
3343,53.5132627,-113.52350630000001,2,2661
3344,53.50972814,-113.53144280000001,2,3315.5
3479,53.52798225,-113.5385165,2,2945.4
3568,53.53059425,-113.53925590000001,2,3242.1
3660,53.51274755,-113.4943072,2,1762.8
3725,53.49378457,-113.51622490000001,2,4096.9
3834,53.48084019,-113.497346,2,5092.9
3918,53.52150487,-113.5009388,2,474.2
4054,53.51938404,-113.4970781,2,1186
4055,53.51979968,-113.49703559999999,2,860.3
9354,53.53407858,-113.48394099999999,2,2286.7
9964,53.51154305,-113.53986780000001,2,3745.7
9965,53.50765394,-113.5408686,2,4198.4
982157,53.52686809,-113.5081639,2,3749
984667,53.53440614,-113.47256429999999,2,4655.4
992157,53.52686809,-113.5081639,2,3749
994667,53.53440614,-113.47256429999999,2,4655.4
