pk_site_id,latitude,longitude,yard,distance
3973,53.42951061,-113.5308588,0
1798,53.43093699,-113.53180890000002,0
3077,53.44033541,-113.5719223,0
7047,53.43026811,-113.6181138,0
7048,53.44557411,-113.57603059999998,0
3850,53.44785208,-113.58264309999998,0
2826,53.44666423,-113.5880112,0
2572,53.42905014,-113.5005662,0
9994,53.450936,-113.61381100000001,0
653,53.47857729999999,-113.5604946,0
4735,53.4395093,-113.55878700000001,0
7953,53.40961566,-113.57252759999999,0
1042,53.42625235,-113.5373578,0
2835,53.42502398,-113.51981880000001,0
1555,53.45237812,-113.56709029999999,0
4116,53.41808665,-113.5030939,0
7569,53.42584743,-113.4918388,0
6167,53.42621144,-113.5736491,0
152,53.42490752,-113.5327273,0
4377,53.43953299,-113.56842209999999,0
536,53.42521698,-113.50902749999999,0
8466,53.44601712,-113.61879909999999,0
4380,53.419573899999996,-113.5143997,0
6046,53.4361412,-113.56200459999998,0
10018,53.44121442,-113.6260325,0
8099,53.40340524,-113.5331111,0
9126,53.40001977,-113.5283453,0
5544,53.43681285,-113.5782311,0
5545,53.43914772,-113.5855744,0
2346,53.42646119,-113.5086368,0
4395,53.41799558,-113.5193239,0
7469,53.41509559,-113.5370493,0
9646,53.43961353,-113.6048739,0
1711,53.43508963,-113.63258259999999,0
10032,53.42862657,-113.59407920000001,0
10033,53.40656046,-113.56690479999999,0
4528,53.44023714,-113.5837237,0
4530,53.43951349,-113.58745,0
4149,53.42102786,-113.51688600000001,0
4668,53.44298834,-113.6089682,0
4542,53.43886273,-113.56125990000001,0
1601,53.44755859,-113.5797159,0
4679,53.44011896,-113.56276940000001,0
1352,53.43211931,-113.5213959,0
2635,53.43809452,-113.626929,0
75,53.43955434,-113.5223116,0
2509,53.42927262,-113.51480500000001,0
2257,53.42492122,-113.4996855,0
3451,53.44290359,-113.587172,0
3544,53.44893029,-113.5850845,0
2011,53.43092332,-113.51796780000001,0
5083,53.44279028,-113.5581513,0
93,53.45191419,-113.5734249,0
2783,53.42004531,-113.53435420000001,0
3552,53.44867113,-113.5741307,0
2531,53.4319483,-113.5318355,0
10085,53.40598414,-113.5730267,0
4069,53.42876143,-113.534152,0
7269,53.4062438,-113.57074270000001,0
102,53.45203263,-113.58554409999999,0
2150,53.44025147,-113.51355759999998,0
4330,53.43232913,-113.6038227,0
4203,53.44646359,-113.5586639,0
10092,53.44669002,-113.60965929999999,0
4590,53.4298755,-113.60430159999999,0
9966,53.41605364,-113.51286280000001,0
2032,53.42439209,-113.5110578,0
7409,53.43527717,-113.56995690000001,0
4754,53.45423656,-113.5605874,0
2163,53.424964100000004,-113.50763219999999,0
3444,53.45057907,-113.57160990000001,0
1909,53.4473819,-113.5655477,0
10104,53.40102631,-113.5725043,0
761,53.43804279,-113.5716399,0
2170,53.41853583,-113.5296777,0
3579,53.43852136,-113.5689186,0
8063,53.4241814,-113.61943159999998,0
