pk_site_id,latitude,longitude,yard,distance
2048,53.45217177,-113.4535202,0
4098,53.48345561,-113.40774609999998,0
11,53.46538095,-113.39476840000002,0
14,53.41533314,-113.4674006,0
2063,53.47858123,-113.3847973,0
2066,53.4276126,-113.45284779999999,0
2067,53.42676972,-113.45277920000001,0
2068,53.42624455,-113.4524301,0
2069,53.42523781,-113.45279199999999,0
4118,53.48073488,-113.40984850000001,0
4119,53.42041418,-113.44370690000001,0
4120,53.46764427,-113.4186163,0
4122,53.47978351,-113.38476979999999,0
2080,53.48052107,-113.4521361,0
6186,53.420694499999996,-113.44831140000001,0
4148,53.44387551,-113.4998194,0
2103,53.42111137,-113.45731770000002,0
4151,53.44370508,-113.5042992,0
2106,53.46126963,-113.49184369999999,0
4157,53.45573299,-113.4345074,0
4162,53.47922173,-113.3770148,0
4165,53.47135276,-113.37876909999999,0
72,53.48499448,-113.41472340000001,0
4177,53.47576909,-113.4545088,0
4186,53.48343111,-113.40725790000002,0
2141,53.46945111,-113.44499740000002,0
2142,53.47106546,-113.450702,0
6237,53.45623448,-113.38631720000001,0
8287,53.44606634,-113.38580420000001,0
8288,53.40926401,-113.4674925,0
4194,53.46573497,-113.3847335,0
100,53.47648078,-113.4318203,0
101,53.47706533,-113.42245790000001,0
6246,53.41550875,-113.45957649999998,0
4199,53.44586932,-113.4440476,0
2151,53.42538246,-113.4729777,0
6250,53.41169516,-113.4724155,0
2156,53.44317506,-113.448125,0
4204,53.46524425,-113.42821459999999,0
8302,53.41694093,-113.4410463,0
4500,53.47245777,-113.36683529999999,0
4211,53.47283181,-113.4326882,0
2172,53.46846147,-113.3747242,0
4221,53.46307087,-113.4353435,0
128,53.4660411,-113.47283290000001,0
6286,53.45051879,-113.3818104,0
2202,53.47013455,-113.4097413,0
2203,53.44946567,-113.4578253,0
4259,53.47452958,-113.4056587,0
4260,53.459893900000004,-113.40752009999999,0
164,53.44181187,-113.4096613,0
166,53.46604928,-113.42358999999999,0
165,53.44014982,-113.39851090000002,0
169,53.471585,-113.3732625,0
170,53.47072251,-113.37322350000001,0
4267,53.46154834,-113.4005705,0
2223,53.49481141,-113.4566503,0
2224,53.47705467,-113.41336609999999,0
4278,53.47206006,-113.47967309999999,0
2233,53.46495912,-113.4432916,0
6331,53.43017149,-113.42962460000001,0
6332,53.43162314,-113.42444920000001,0
6333,53.43198103,-113.42736969999999,0
8382,53.45902955,-113.3636584,0
2244,53.45954006,-113.41201459999999,0
4294,53.46097016,-113.41415690000001,0
2250,53.46914599,-113.42334640000001,0
2255,53.45371070000001,-113.42858390000002,0
207,53.424986700000005,-113.4648967,0
217,53.47495511,-113.422836,0
218,53.47853544,-113.424299,0
4322,53.46294353,-113.43875700000001,0
8422,53.44134204,-113.38869840000002,0
231,53.44562432,-113.397116,0
4328,53.45529188,-113.4558291,0
232,53.47406098,-113.41790490000001,0
4331,53.42781177,-113.44932,0
236,53.45106651,-113.39811090000002,0
237,53.44011451,-113.40018570000001,0
2288,53.44164266,-113.45151740000001,0
4341,53.47838217,-113.4062629,0
6390,53.449380000000005,-113.392729,0
6391,53.45016563,-113.3893259,0
4344,53.45868909,-113.39412150000001,0
6392,53.45225746,-113.39138590000002,0
8443,53.40568068,-113.47285490000002,0
255,53.46321738,-113.3948895,0
256,53.45953514,-113.39599229999999,0
2306,53.42169819,-113.44600630000001,0
2307,53.45833684,-113.46468590000002,0
265,53.47890847,-113.45054640000002,0
266,53.4813995,-113.44450990000001,0
267,53.47586961,-113.4445511,0
4362,53.47265947,-113.4182492,0
4365,53.46504899,-113.45928980000001,0
4366,53.46348934,-113.4506085,0
6410,53.44948785,-113.3867636,0
8465,53.41781511,-113.4261176,0
276,53.47925609,-113.4022577,0
278,53.480126299999995,-113.39999830000001,0
2331,53.46483496,-113.4367117,0
6430,53.4437034,-113.392917,0
2335,53.46901514,-113.44747290000001,0
6432,53.4458578,-113.39238629999998,0
6431,53.44585948,-113.39312959999998,0
6434,53.46620366,-113.37150559999999,0
291,53.45275672,-113.44562859999998,0
2339,53.44391005,-113.4070047,0
307,53.47807414,-113.42366979999998,0
2356,53.47557117,-113.44839350000001,0
308,53.47925098,-113.42958459999998,0
2358,53.47793197,-113.44569440000001,0
310,53.47935367,-113.43115159999998,0
2357,53.47711464,-113.45006609999999,0
8503,53.42197287,-113.425474,0
8504,53.40977710000001,-113.4747555,0
4411,53.4474203,-113.401979,0
2374,53.45322074,-113.4373284,0
4423,53.44656424,-113.4479371,0
4427,53.46125892,-113.4432301,0
4428,53.45748528,-113.4011287,0
4438,53.47413679,-113.36740459999999,0
4443,53.45879988,-113.475642,0
381,53.45182828,-113.4381028,0
383,53.46695088,-113.42127240000002,0
4479,53.45126348,-113.4798138,0
4482,53.44998974,-113.41932369999999,0
4483,53.46759607,-113.41811329999999,0
4484,53.45991271,-113.4365959,0
4485,53.46980168,-113.4376774,0
4486,53.4675571,-113.43625390000001,0
4490,53.49471468,-113.42821979999998,0
2448,53.44899765,-113.44191599999999,0
4497,53.4319747,-113.43860049999999,0
402,53.46369927,-113.45019140000001,0
403,53.47911282,-113.4438854,0
2452,53.45430812,-113.419284,0
2449,53.48163656,-113.414401,0
406,53.45386309,-113.46200990000001,0
407,53.45671841,-113.45957369999999,0
408,53.45687343,-113.4632328,0
2451,53.48366475,-113.4107578,0
405,53.47069387,-113.39794640000001,0
2450,53.4822858,-113.40790030000001,0
404,53.47431735,-113.4071166,0
2461,53.47421258,-113.3894636,0
2462,53.47258659,-113.39449520000001,0
2456,53.41499637,-113.46545079999999,0
410,53.47811545,-113.38758179999999,0
2467,53.465259700000004,-113.3893251,0
2468,53.47213553,-113.46262890000001,0
2469,53.46979343,-113.467082,0
2470,53.47328478,-113.3944414,0
2471,53.48187979,-113.41362439999999,0
4523,53.46398378,-113.3861565,0
4527,53.41378883,-113.4466585,0
432,53.45752248,-113.50235829999998,0
2482,53.48002448,-113.4618142,0
4531,53.429125,-113.44044009999999,0
4532,53.46712332,-113.39234920000001,0
4534,53.461967,-113.37311070000001,0
4535,53.461983999999994,-113.38808590000002,0
4536,53.46087204,-113.39014009999998,0
4538,53.47530033,-113.427371,0
2491,53.45386326,-113.4090297,0
4540,53.46289366,-113.3914545,0
2492,53.45955007,-113.40229070000001,0
4543,53.42636695,-113.4405375,0
4544,53.41653559,-113.44743570000001,0
4545,53.47373454,-113.45869509999999,0
6594,53.42882102,-113.4111716,0
2499,53.46599976,-113.4507729,0
2503,53.47648911,-113.45327579999999,0
8648,53.44567646,-113.5040594,0
4554,53.42793174,-113.44279590000001,0
468,53.43896847,-113.40710359999999,0
469,53.46767804,-113.4416367,0
470,53.45581327,-113.40838600000001,0
2522,53.42826686,-113.46407430000001,0
2523,53.42391208,-113.46692340000001,0
4572,53.44613593,-113.45762490000001,0
4573,53.41767320000001,-113.46288600000001,0
4574,53.46510533,-113.37180190000001,0
2524,53.42373541,-113.46779,0
4579,53.41302714,-113.46657140000002,0
484,53.45472483,-113.45056770000001,0
4581,53.41291999,-113.47750090000001,0
4584,53.46076594,-113.39356299999999,0
2547,53.42369109,-113.44345320000001,0
2548,53.42297683,-113.4434544,0
4597,53.45775575,-113.5015334,0
4596,53.4577281,-113.501628,0
2553,53.45083073,-113.4458447,0
2562,53.45941169,-113.41890579999999,0
2570,53.44784983,-113.50851200000001,0
2575,53.47785338,-113.4616282,0
2576,53.45717461,-113.4486804,0
2577,53.45897563,-113.4631064,0
2581,53.45876841,-113.45074199999999,0
534,53.42428779,-113.46306070000001,0
4630,53.45839076,-113.5047456,0
538,53.4516189,-113.4239362,0
2587,53.42249618,-113.47891170000001,0
4636,53.49657781,-113.4349257,0
547,53.45093514,-113.4441409,0
548,53.45122102,-113.4407574,0
2596,53.46589914,-113.42966609999999,0
2598,53.46898911,-113.4427955,0
2597,53.46598319,-113.4351038,0
4644,53.428921100000004,-113.4718033,0
2601,53.46998118,-113.46565600000001,0
4650,53.45546733,-113.41442990000002,0
553,53.47821022,-113.39159950000001,0
557,53.44043713,-113.5038836,0
558,53.46270509,-113.453122,0
560,53.48370558,-113.39943319999999,0
2611,53.42291322,-113.4717312,0
4673,53.42680060000001,-113.43239740000001,0
4674,53.42917856,-113.43155719999999,0
579,53.46729849,-113.4503892,0
4675,53.42051191,-113.44827859999998,0
2626,53.44063989,-113.4187295,0
2632,53.47026464,-113.4558261,0
4681,53.49329794,-113.4566562,0
4682,53.46152714,-113.37581570000002,0
4685,53.42394909,-113.44924920000001,0
4688,53.4880411,-113.41212709999999,0
2640,53.47847993,-113.38117790000001,0
4689,53.41468495,-113.4813885,0
2644,53.47272278,-113.3872758,0
597,53.48042908,-113.4525123,0
598,53.42752392,-113.46877420000001,0
596,53.49914123,-113.4180896,0
4696,53.42930261,-113.4358491,0
2645,53.47831237,-113.4657453,0
609,53.42520833,-113.45531270000001,0
4708,53.42376245,-113.4408112,0
4709,53.42802726,-113.4296006,0
614,53.46648414,-113.44256090000002,0
2662,53.46988154,-113.4269172,0
615,53.47314712,-113.44776599999999,0
618,53.45880153,-113.49559540000001,0
623,53.45082585,-113.43936370000002,0
624,53.44871371,-113.4392548,0
626,53.4489733,-113.44601100000001,0
4723,53.41585222,-113.4470071,0
4724,53.41378521,-113.44731759999999,0
4725,53.41780384,-113.451045,0
4730,53.4144707,-113.44468130000001,0
2683,53.45531632,-113.4657287,0
640,53.48335537,-113.38495879999999,0
642,53.47865242,-113.37917479999999,0
2705,53.46433258,-113.41237959999998,0
662,53.47572009,-113.3709659,0
2711,53.45118170000001,-113.4484585,0
665,53.44449059,-113.4921947,0
666,53.42479836,-113.419698,0
4767,53.49034044,-113.4155408,0
674,53.45380976,-113.49978329999999,0
2731,53.46408987,-113.41913829999999,0
6827,53.41464618,-113.4624041,0
2733,53.44796486,-113.508894,0
2738,53.44587358,-113.4275826,0
693,53.48356597,-113.45160759999999,0
696,53.45257951,-113.4610376,0
6848,53.41783449,-113.4492125,0
2761,53.44946359,-113.41974669999999,0
724,53.48643348,-113.4537909,0
4841,53.42429129999999,-113.4526007,0
2811,53.42419622,-113.4554338,0
4861,53.413383700000004,-113.4469886,0
773,53.47087639,-113.4185957,0
777,53.44096431,-113.3942473,0
781,53.46754635,-113.42239620000001,0
786,53.4680613,-113.38650619999999,0
787,53.42230666,-113.46684909999999,0
789,53.45895751,-113.45680449999999,0
793,53.44114538,-113.4013158,0
820,53.45229309,-113.4495041,0
2870,53.44309506,-113.4053314,0
2892,53.45516891,-113.4144723,0
2904,53.45163922,-113.4149347,0
2905,53.45914151,-113.391646,0
859,53.47412343,-113.46827009999998,0
862,53.47579203,-113.4586733,0
863,53.47758279,-113.45299920000001,0
2913,53.45914321,-113.4262274,0
2914,53.45858925,-113.43950600000001,0
2915,53.45856711,-113.4369712,0
2921,53.45907884,-113.3992562,0
2935,53.45861646,-113.4426731,0
2941,53.45788112,-113.37918219999999,0
2954,53.45106918,-113.44989679999999,0
2955,53.461923600000006,-113.465737,0
906,53.47279653,-113.3993744,0
910,53.45234693,-113.4600996,0
2966,53.47495989,-113.3835263,0
2970,53.48289789999999,-113.4211068,0
2974,53.47093701,-113.404104,0
2975,53.47167685,-113.40767959999998,0
953,53.440090399999995,-113.44158859999999,0
954,53.44215484,-113.4430531,0
9146,53.489432900000004,-113.39201240000001,0
7107,53.45701851,-113.3842913,0
969,53.48040848,-113.43020790000001,0
3017,53.46925039999999,-113.3698736,0
975,53.48161951,-113.44761310000001,0
976,53.45366325,-113.3962258,0
3025,53.48169349,-113.4117433,0
3026,53.47320273,-113.4063568,0
979,53.45526058,-113.448311,0
7127,53.4452297,-113.38817720000002,0
7128,53.41184098,-113.4763135,0
7129,53.44797795,-113.3930811,0
7130,53.44777249,-113.39207590000001,0
988,53.43205583,-113.4640388,0
989,53.42308569,-113.46893429999999,0
3041,53.48179332,-113.4036836,0
993,53.47394159,-113.41079270000002,0
3043,53.46526212,-113.44347090000001,0
3044,53.47414851,-113.4419587,0
996,53.47794898,-113.42073059999998,0
1001,53.48206292,-113.41329909999999,0
7149,53.469401600000005,-113.3685037,0
7169,53.47213428,-113.3678018,0
3082,53.45314184,-113.42419509999999,0
1035,53.45299725,-113.45810049999999,0
3083,53.41806901,-113.44325990000002,0
9226,53.41760122,-113.42745659999999,0
1048,53.42474558,-113.4309533,0
1050,53.42493252,-113.4311662,0
1058,53.44094322,-113.45266840000001,0
7209,53.41874438,-113.4304088,0
3115,53.45860139,-113.4568305,0
3116,53.46680758,-113.4463967,0
7211,53.42286406,-113.430003,0
1068,53.47893527,-113.4134385,0
3119,53.45249733,-113.4573378,0
1070,53.48682407,-113.4020903,0
3122,53.44388492,-113.46470409999999,0
3127,53.44975358,-113.43577509999999,0
1091,53.48405855,-113.4134176,0
1092,53.47592234,-113.4407956,0
1103,53.46609391,-113.4143055,0
1104,53.46446839,-113.400625,0
1110,53.45038315,-113.45360690000001,0
1113,53.45538745,-113.467122,0
3163,53.46602360000001,-113.4753085,0
1118,53.42524929,-113.46066029999999,0
3170,53.46715504,-113.43909029999999,0
1123,53.42945449,-113.4605923,0
1124,53.43205228,-113.46093090000001,0
1125,53.43206463,-113.45542520000001,0
1132,53.46159102,-113.4018121,0
1133,53.46938536,-113.4107342,0
3183,53.4546497,-113.4039146,0
1135,53.46996222,-113.38484509999999,0
1136,53.47089793,-113.38208770000001,0
1137,53.47367477,-113.3802369,0
1141,53.4635544,-113.46299760000001,0
3195,53.44124686,-113.4940061,0
3196,53.45344629,-113.4413081,0
1154,53.45172026,-113.4922443,0
3202,53.42043577,-113.4567506,0
1155,53.45839608,-113.4952509,0
1161,53.42087888,-113.467405,0
1167,53.48079517,-113.4552256,0
1170,53.4430186,-113.4269189,0
1177,53.45756451,-113.4189917,0
1180,53.46108167,-113.45535220000001,0
1181,53.46101619,-113.4516362,0
1184,53.46414889,-113.45524329999999,0
3245,53.471937100000005,-113.4023761,0
1201,53.44102796,-113.4436001,0
1202,53.43910077,-113.4446028,0
3266,53.44015004,-113.50711240000001,0
1219,53.48227402,-113.40002630000001,0
5323,53.40983397,-113.4709706,0
3276,53.45966866,-113.42055230000001,0
1232,53.48114421,-113.4058149,0
3287,53.44112172,-113.4182118,0
3294,53.44561129,-113.42852830000001,0
1253,53.49184378,-113.46000090000001,0
3313,53.42007251,-113.46397240000002,0
1272,53.45466114,-113.4096457,0
3333,53.49120185,-113.44263390000002,0
7430,53.44484975,-113.39000300000001,0
1292,53.42915368,-113.47131920000001,0
1308,53.47247757,-113.44112849999999,0
1312,53.45190384,-113.4304811,0
1313,53.47213596,-113.3919408,0
1319,53.47005269,-113.38710470000001,0
1320,53.47027557,-113.3884965,0
3368,53.428254700000004,-113.4648048,0
3377,53.44155176,-113.40520890000002,0
3379,53.4683309,-113.3830189,0
1346,53.45432682,-113.39309569999999,0
3399,53.44216099,-113.43850060000001,0
3400,53.44818909,-113.4285355,0
3402,53.45767318,-113.4449076,0
3405,53.42597579999999,-113.4733898,0
1361,53.48157221,-113.39082890000002,0
1362,53.47374505,-113.3884135,0
1363,53.47552621,-113.38721229999999,0
3416,53.44906998,-113.43540279999999,0
3432,53.48054226,-113.417776,0
3434,53.42943466,-113.45815590000001,0
3455,53.46615353,-113.407974,0
3468,53.44972772,-113.5037655,0
1422,53.4479728,-113.43255359999999,0
1423,53.44817357,-113.42331409999998,0
1424,53.45208637,-113.42588700000002,0
3472,53.44073551,-113.44013229999999,0
3477,53.44635723,-113.43869709999998,0
1435,53.44120747,-113.4595298,0
1436,53.44298538,-113.4577692,0
1438,53.44805732,-113.41525530000001,0
3489,53.4179356,-113.44711770000002,0
3492,53.45401563,-113.3968153,0
1447,53.47401729,-113.4594378,0
1449,53.47033728,-113.4148232,0
1450,53.46912852,-113.4624634,0
1451,53.47182007,-113.44302379999999,0
1452,53.46316160000001,-113.4618949,0
1453,53.46072409,-113.46233400000001,0
3503,53.45317145,-113.4780852,0
1457,53.425592599999995,-113.4703023,0
1461,53.47250303,-113.3764284,0
3517,53.46363994,-113.40018090000001,0
5565,53.46643817,-113.37515249999998,0
3526,53.45238007,-113.4092015,0
1479,53.43971695,-113.41984690000001,0
3527,53.45432673,-113.50318190000002,0
3532,53.444243900000004,-113.41940919999999,0
1488,53.46576161,-113.40817120000001,0
5585,53.42680219,-113.4341983,0
9682,53.42466794,-113.4233669,0
5587,53.42534985,-113.43085970000001,0
5588,53.42823317,-113.43783710000001,0
5589,53.42871834,-113.43451999999999,0
3542,53.46988496,-113.438231,0
9684,53.42526942,-113.42606979999998,0
9683,53.42528331,-113.42580259999998,0
1497,53.47941443,-113.45456909999999,0
3554,53.45203938,-113.47296440000001,0
5605,53.46481986,-113.37492590000001,0
5606,53.42705076,-113.43641399999998,0
1511,53.45781988,-113.3866463,0
3559,53.47481221,-113.4007496,0
5628,53.42419737,-113.43072009999999,0
1548,53.43920366,-113.42760249999999,0
5645,53.42439273,-113.4358805,0
5646,53.42029789,-113.44205330000001,0
3596,53.47761346,-113.4671558,0
5647,53.417604000000004,-113.43935990000001,0
3604,53.42891973,-113.4559753,0
3605,53.43081677,-113.45818270000001,0
1568,53.43892909,-113.426705,0
5665,53.42176383,-113.43276100000001,0
3635,53.47641988,-113.4156548,0
3636,53.47821016,-113.4162094,0
5685,53.42045947,-113.4406084,0
3640,53.46996437,-113.4130383,0
3641,53.46969607,-113.41513570000001,0
3646,53.46235135,-113.4255351,0
3647,53.45759036,-113.4246402,0
1600,53.44018994,-113.4292992,0
1599,53.47084369,-113.3852557,0
3653,53.47276949,-113.39571140000001,0
1608,53.44420822,-113.48744270000002,0
5705,53.42043288,-113.43458840000001,0
1611,53.47400654,-113.4005423,0
1612,53.4792581,-113.4489091,0
3661,53.47609582,-113.4074291,0
3665,53.44588015,-113.4376054,0
3666,53.43105561,-113.4669521,0
3667,53.42618572,-113.466953,0
1622,53.48954662,-113.45473799999999,0
1623,53.45485526,-113.4033495,0
1624,53.43937612,-113.42443059999998,0
1625,53.43865600000001,-113.4351926,0
3674,53.47511957,-113.41474140000001,0
1626,53.44041168,-113.43341640000001,0
1628,53.44864911,-113.46106909999999,0
5725,53.45410051,-113.38527820000002,0
3687,53.46555259,-113.4282364,0
1642,53.46375409,-113.46140220000001,0
1643,53.46444895,-113.4589404,0
1645,53.45376048,-113.44879080000001,0
1646,53.45326491,-113.43992420000001,0
3693,53.44525572,-113.4146298,0
3702,53.46308999,-113.40699740000002,0
3705,53.42400853,-113.4711774,0
3706,53.424915000000006,-113.4765264,0
3707,53.42474573,-113.45970290000001,0
3710,53.42628752,-113.4509929,0
3730,53.47264669,-113.39931340000001,0
3734,53.46972731,-113.41288610000001,0
3745,53.44546887,-113.49335409999999,0
3751,53.45563871,-113.396725,0
1712,53.47422393,-113.40278130000002,0
1713,53.47559528,-113.4035751,0
1714,53.4638973,-113.45441609999999,0
5808,53.48844942,-113.4001467,0
3769,53.41626438,-113.47700790000002,0
1722,53.4255842,-113.46646000000001,0
9920,53.43049708,-113.4183463,0
9921,53.43053007,-113.41794640000002,0
9922,53.42673788,-113.41795330000001,0
5825,53.41760179999999,-113.4584271,0
3780,53.47769273,-113.44120819999999,0
5845,53.41759985,-113.442479,0
1749,53.47530693,-113.4072125,0
1752,53.46680909,-113.4546789,0
3800,53.41708962,-113.46698390000002,0
1759,53.48332882,-113.45771979999999,0
1760,53.45924056,-113.37441270000001,0
1767,53.48551602,-113.45204199999999,0
9962,53.46102432,-113.49165179999999,0
1771,53.46537684,-113.4587719,0
3819,53.47674502,-113.375906,0
3821,53.4502047,-113.5086486,0
3820,53.47633057,-113.3704977,0
1778,53.44264997,-113.4290041,0
1779,53.47325833,-113.41226670000002,0
3829,53.44864509,-113.40542579999999,0
1782,53.44243432,-113.46353859999999,0
3831,53.44546887,-113.49335409999999,0
1784,53.47985752,-113.42340379999999,0
1787,53.4776149,-113.414709,0
1792,53.47299555,-113.3954121,0
1796,53.45687427,-113.50056219999999,0
1797,53.44398441,-113.4470709,0
3846,53.47997797,-113.4441735,0
3847,53.47437214,-113.44290919999999,0
9998,53.48897072,-113.39080159999999,0
10000,53.48915551,-113.39056670000001,0
1810,53.48176008,-113.41583829999999,0
3859,53.47277571,-113.4270251,0
3862,53.456467700000005,-113.4116522,0
3863,53.45818391,-113.3842628,0
3864,53.44307737,-113.5081567,0
1814,53.48249405,-113.38069650000001,0
1823,53.45268009,-113.4471929,0
1827,53.463860200000006,-113.39485079999999,0
1828,53.46463922,-113.40632240000002,0
3883,53.46287218,-113.43488459999999,0
1837,53.45169814,-113.46323980000001,0
1841,53.48192802,-113.45684709999999,0
1842,53.44429154,-113.4504405,0
1847,53.47363882,-113.394273,0
3896,53.47179703,-113.4023038,0
1849,53.46649685,-113.38542779999999,0
1850,53.46936302,-113.3935295,0
3897,53.4739436,-113.38115230000001,0
10045,53.42594862,-113.40028490000002,0
3907,53.46893081,-113.3939601,0
1863,53.44800717,-113.4642232,0
10059,53.4265816,-113.4001466,0
10060,53.41102111,-113.46066499999999,0
3917,53.46009893,-113.4071101,0
3921,53.47947008,-113.44126740000002,0
3922,53.47631182,-113.43575359999998,0
3923,53.47617955,-113.44026550000001,0
10071,53.46107089,-113.36765630000001,0
10073,53.45979924,-113.3633463,0
10074,53.4588433,-113.3685124,0
10075,53.46065597,-113.3685558,0
10076,53.46142168,-113.36781670000002,0
1889,53.46193542,-113.46709809999999,0
10084,53.41801224,-113.42346200000001,0
1895,53.46100863,-113.4119567,0
1896,53.46389669,-113.40031689999999,0
3950,53.44662844,-113.44504450000001,0
1903,53.45575162,-113.44027790000001,0
3951,53.4802683,-113.39396140000001,0
1905,53.48513048,-113.46638229999999,0
3955,53.46962439,-113.38126090000002,0
1908,53.47680556,-113.3820092,0
1910,53.45633745,-113.45727439999999,0
1915,53.44790167,-113.45031709999999,0
1916,53.45936018,-113.5001615,0
10110,53.43003745,-113.41873729999999,0
1922,53.44940491,-113.40656129999999,0
3977,53.4731319,-113.41602649999999,0
3990,53.46466558,-113.4133456,0
3991,53.46820175,-113.399518,0
1944,53.48098194,-113.393479,0
3996,53.47100097,-113.4468918,0
8103,53.42532891,-113.42982169999999,0
10151,53.45383076,-113.4888193,0
8104,53.43205355,-113.41875549999999,0
10155,53.48736068,-113.42012759999999,0
1965,53.4639958,-113.4461327,0
4013,53.42720319,-113.44789899999999,0
1967,53.44403276,-113.41106429999999,0
4024,53.46456719,-113.3941952,0
1980,53.44893668,-113.39412820000001,0
4033,53.47263235,-113.42771129999998,0
4034,53.47302522,-113.4155722,0
1989,53.45667036,-113.37442479999999,0
1990,53.46759644,-113.5038615,0
4039,53.46305567,-113.42110349999999,0
1991,53.46164208,-113.4886324,0
4045,53.44749477,-113.4080485,0
4047,53.46146120000001,-113.45574199999999,0
4048,53.44873644,-113.4006682,0
2005,53.44873045,-113.443077,0
2006,53.45345882,-113.407104,0
2017,53.468691099999994,-113.38047379999999,0
4067,53.42083735,-113.45816,0
4081,53.45243671,-113.45410109999999,0
4082,53.44377569,-113.41872859999998,0
8182,53.41548046,-113.4589945,0
4088,53.45222341,-113.50116499999999,0
2045,53.428884499999995,-113.45305929999999,0
2047,53.453222499999995,-113.44209199999999,0
