pk_site_id,latitude,longitude,yard,distance
7169,53.47213428,-113.3678018,0
6146,53.40833264,-113.4741544,0
4616,53.53934181,-113.4556598,0
4622,53.54260113,-113.4240793,0
4623,53.54797208,-113.42996529999999,0
4625,53.54312581,-113.44646999999999,0
4626,53.54712329,-113.44379359999999,0
4627,53.41148706,-113.48955729999999,0
1557,53.501082700000005,-113.5715272,0
1558,53.4976314,-113.57964,0
4122,53.47978351,-113.38476979999999,0
3611,53.53949827,-113.4305311,0
3107,53.54291355,-113.4167825,0
3108,53.54564077,-113.4082179,0
3109,53.54680764,-113.4091794,0
4643,53.54981994,-113.4396051,0
4651,53.55304255,-113.4392846,0
2604,53.52840712,-113.51617590000001,0
4653,53.53692936,-113.4706388,0
4655,53.53852272,-113.47127169999999,0
3120,53.55182718,-113.40701570000002,0
3121,53.55432133,-113.4081388,0
2607,53.49698175,-113.5859687,0
3123,53.54648448,-113.41348130000002,0
1075,53.53849365,-113.4265287,0
2608,53.48776185,-113.5636818,0
568,53.51698107,-113.4182013,0
3134,53.55237309,-113.415435,0
64,53.53620179,-113.44033600000002,0
4162,53.47922173,-113.3770148,0
4676,53.54972528,-113.40807340000002,0
4684,53.53412676,-113.43930859999999,0
590,53.55320893,-113.4135622,0
4689,53.41468495,-113.4813885,0
4179,53.53580303,-113.4249695,0
4087,53.48984947,-113.46703159999998,0
2645,53.47831237,-113.4657453,0
2134,53.571041,-113.54204070000002,0
4190,53.54654082,-113.4579086,0
8288,53.40926401,-113.4674925,0
3685,53.40804985,-113.5015587,0
4198,53.53804707,-113.44705859999999,0
6250,53.41169516,-113.4724155,0
3692,53.49557322,-113.4675715,0
3182,53.52930644,-113.424802,0
2162,53.48292404,-113.3545402,0
2164,53.55869211,-113.42542759999998,0
2165,53.51663277,-113.40355339999999,0
3191,53.4856364,-113.56926270000001,0
1658,53.55564341,-113.42972169999999,0
2172,53.46846147,-113.3747242,0
640,53.48335537,-113.38495879999999,0
642,53.47865242,-113.37917479999999,0
132,53.51875284,-113.4242616,0
2194,53.50096985,-113.46779270000002,0
662,53.47572009,-113.3709659,0
1175,53.50386697,-113.4623646,0
1687,53.48947319,-113.56408449999999,0
1689,53.4904304,-113.5676581,0
1688,53.4948405,-113.56823390000001,0
1691,53.49349408,-113.5673686,0
1692,53.49586336,-113.5729885,0
4261,53.55571284,-113.42354340000001,0
4262,53.52051234,-113.4190959,0
1193,53.49922599,-113.45255470000001,0
5805,53.52704208,-113.43040220000002,0
1204,53.4841667,-113.563694,0
181,53.5572473,-113.4252652,0
182,53.55581701,-113.42690729999998,0
3767,53.537579,-113.4201912,0
1720,53.48557887,-113.5685092,0
1211,53.49742958,-113.57420929999999,0
9407,53.48397351,-113.36879029999999,0
4288,53.54958854,-113.43978419999999,0
2753,53.50219799,-113.4796743,0
5321,53.40736169,-113.47418459999999,0
5322,53.41026169,-113.4784126,0
5323,53.40983397,-113.4709706,0
2769,53.55514767,-113.41853,0
2261,53.53647744,-113.48166909999999,0
1240,53.48467129,-113.56379799999999,0
3802,53.49270487,-113.5802592,0
5341,53.47848138,-113.36515,0
2276,53.48231482,-113.36164640000001,0
7913,53.39985703,-113.51604640000002,0
7914,53.40284942,-113.51308970000001,0
3820,53.47633057,-113.3704977,0
2797,53.54562052,-113.4191263,0
2798,53.54443227,-113.4273885,0
4343,53.4815964,-113.36576559999999,0
8442,53.40568068,-113.47285490000002,0
8443,53.40568068,-113.47285490000002,0
1788,53.49467404,-113.5709562,0
7933,53.40393783,-113.5163583,0
3840,53.55040782,-113.455374,0
9998,53.48897072,-113.39080159999999,0
10000,53.48915551,-113.39056670000001,0
4374,53.55668627,-113.4300926,0
1814,53.48249405,-113.38069650000001,0
4376,53.54609059,-113.4590477,0
2846,53.51414833,-113.4213001,0
3359,53.49844720000001,-113.4671808,0
1316,53.53171493,-113.4217322,0
4396,53.52476798,-113.41860679999999,0
4398,53.50519941,-113.36516409999999,0
309,53.54472687,-113.45326010000001,0
3384,53.510076399999996,-113.41838159999999,0
312,53.48748589,-113.5659146,0
1338,53.49525905,-113.58264790000001,0
8504,53.40977710000001,-113.4747555,0
2366,53.49819625,-113.5650572,0
2367,53.49829956,-113.56574779999998,0
1858,53.49595387,-113.57862779999999,0
1859,53.49371434,-113.5635699,0
1860,53.5525782,-113.44016529999999,0
2379,53.55466243,-113.4166271,0
2380,53.55622078,-113.4142713,0
1867,53.50596204,-113.46371429999999,0
2897,53.54508906,-113.4291529,0
2898,53.54669991,-113.4305195,0
2899,53.5468906,-113.4283128,0
2900,53.54251483,-113.4338293,0
2385,53.54486321,-113.4388203,0
4437,53.54439071,-113.44275490000001,0
2386,53.5388941,-113.44365490000001,0
2390,53.53603562,-113.47804280000001,0
2391,53.53403064,-113.479064,0
4438,53.47413679,-113.36740459999999,0
4452,53.51956079,-113.4183455,0
1892,53.48320192,-113.35734529999999,0
1894,53.53897702,-113.44554550000001,0
2406,53.48328608,-113.5624498,0
4456,53.54312455,-113.4515283,0
994667,53.53440614,-113.47256429999999,0
1906,53.54687053,-113.41856010000001,0
1394,53.49795571,-113.5683269,0
3956,53.54587179,-113.44170009999999,0
3957,53.53913614,-113.44301940000001,0
3958,53.53927859,-113.4508733,0
3959,53.53249873,-113.41838249999999,0
4471,53.46908585,-113.36064429999999,0
3449,53.51232586,-113.42347099999999,0
1918,53.495546999999995,-113.5713402,0
1920,53.50201708,-113.5719091,0
3974,53.50154929,-113.3675824,0
4489,53.53766041,-113.43895230000001,0
8080,53.3996218,-113.53081359999999,0
4500,53.47245777,-113.36683529999999,0
1944,53.48098194,-113.393479,0
2973,53.51591628,-113.4046955,0
2465,53.55109592,-113.445158,0
2466,53.550571999999995,-113.446547,0
930,53.49932034,-113.5778442,0
1446,53.49314887,-113.4595989,0
2985,53.49343282,-113.46709059999999,0
4522,53.53949524,-113.435579,0
4011,53.53125177,-113.4270686,0
4012,53.53011833,-113.42009850000001,0
1966,53.5473042,-113.43463659999999,0
1970,53.54941313,-113.419752,0
3506,53.52740586,-113.43628020000001,0
2996,53.49806329,-113.46749240000001,0
4533,53.47641410000001,-113.3685041,0
439,53.55772552,-113.4276558,0
440,53.53588945,-113.42300230000001,0
9146,53.489432900000004,-113.39201240000001,0
4546,53.51227905,-113.4115501,0
1477,53.52333467,-113.4198854,0
4556,53.54598543,-113.4250088,0
4557,53.5410779,-113.422009,0
4562,53.55184294,-113.4089197,0
2008,53.49878431,-113.5703439,0
985,53.501875600000005,-113.4687706,0
2009,53.49623875,-113.58779170000001,0
7128,53.41184098,-113.4763135,0
2014,53.56051041,-113.4122403,0
2527,53.55024676,-113.41912549999999,0
2016,53.54874589,-113.4057399,0
4576,53.53142729,-113.43727890000001,0
4578,53.54130736,-113.4338686,0
2017,53.468691099999994,-113.38047379999999,0
4581,53.41291999,-113.47750090000001,0
4583,53.53704906,-113.42937979999999,0
4586,53.54272791,-113.432695,0
4587,53.54445082,-113.4356632,0
4075,53.52949572,-113.4189642,0
4588,53.54615524,-113.44032299999999,0
7149,53.469401600000005,-113.3685037,0
2546,53.52968843,-113.42164,0
2034,53.49612748,-113.5765269,0
2549,53.52883935,-113.41983490000001,0
2550,53.52871346,-113.4223112,0
2551,53.52415337,-113.42072009999998,0
2552,53.52490134,-113.42157759999998,0
1017,53.53593095,-113.4310656,0
4091,53.55324426,-113.4206097,0
4604,53.54981941,-113.4141054,0
